10	3.12026E-08
10.5	3.09251E-08
11.025	3.06166E-08
11.5763	3.02777E-08
12.1551	2.99091E-08
12.7628	2.95114E-08
13.401	2.90855E-08
14.071	2.86325E-08
14.7746	2.81534E-08
15.5133	2.76495E-08
16.2889	2.71222E-08
17.1034	2.65731E-08
17.9586	2.60038E-08
18.8565	2.5416E-08
19.7993	2.48115E-08
20.7893	2.41922E-08
21.8287	2.35603E-08
22.9202	2.29176E-08
24.0662	2.22662E-08
25.2695	2.16083E-08
26.533	2.0946E-08
27.8596	2.02812E-08
29.2526	1.96161E-08
30.7152	1.89526E-08
32.251	1.82926E-08
33.8635	1.7638E-08
35.5567	1.69904E-08
37.3346	1.63515E-08
39.2013	1.57227E-08
41.1614	1.51053E-08
43.2194	1.45006E-08
45.3804	1.39096E-08
47.6494	1.33333E-08
50.0319	1.27723E-08
52.5335	1.22274E-08
55.1602	1.16991E-08
57.9182	1.118776E-08
60.8141	1.06937E-08
63.8548	1.021715E-08
67.0475	9.7582E-09
70.3999	9.31691E-09
73.9199	8.89324E-09
77.6159	8.4871E-09
81.4967	8.09834E-09
85.5715	7.72675E-09
89.8501	7.37208E-09
94.3426	7.03407E-09
99.0597	6.71237E-09
104.013	6.40663E-09
109.213	6.11646E-09
114.674	5.84144E-09
120.408	5.58114E-09
126.428	5.3351E-09
132.749	5.10282E-09
139.387	4.88382E-09
146.356	4.67759E-09
153.674	4.4836E-09
161.358	4.30133E-09
169.426	4.13025E-09
177.897	3.96984E-09
186.792	3.81956E-09
196.131	3.6789E-09
205.938	3.54733E-09
216.235	3.42435E-09
227.047	3.30947E-09
238.399	3.20221E-09
250.319	3.1021E-09
262.835	3.00869E-09
275.977	2.92156E-09
289.775	2.84028E-09
304.264	2.76446E-09
319.477	2.69373E-09
335.451	2.62774E-09
352.224	2.566143E-09
369.835	2.508628E-09
388.327	2.454898E-09
407.743	2.404675E-09
428.13	2.35772E-09
449.537	2.31373E-09
472.014	2.272542E-09
495.614	2.233928E-09
520.395	2.197695E-09
546.415	2.163666E-09
573.736	2.131678E-09
602.422	2.101581E-09
632.544	2.073236E-09
664.171	2.046519E-09
697.379	2.021313E-09
732.248	1.997513E-09
768.861	1.975023E-09
807.304	1.953756E-09
847.669	1.933632E-09
890.052	1.914578E-09
934.555	1.896527E-09
981.283	1.879421E-09
1030.35	1.863202E-09
1081.86	1.847822E-09
1135.96	1.833234E-09
1192.76	1.819396E-09
1252.39	1.80627E-09
1315.01	1.793821E-09
1380.76	1.782014E-09
1449.8	1.770821E-09
1522.29	1.760212E-09
1598.41	1.750161E-09
1678.33	1.740644E-09
1762.24	1.731637E-09
1850.35	1.723119E-09
1942.87	1.715067E-09
2040.02	1.707463E-09
2142.02	1.7002866E-09
2249.12	1.69352E-09
2361.57	1.6871454E-09
2479.65	1.6811457E-09
2603.63	1.6755043E-09
2733.82	1.6702052E-09
2870.51	1.6652327E-09
3014.03	1.6605718E-09
3164.73	1.6562077E-09
3322.97	1.6521259E-09
3489.12	1.6483126E-09
3663.58	1.6447543E-09
3846.75	1.6414376E-09
4039.09	1.6383498E-09
4241.05	1.6354784E-09
4453.1	1.6328115E-09
4675.75	1.6303374E-09
4909.54	1.6280449E-09
5155.02	1.6259232E-09
5412.77	1.6239618E-09
5683.41	1.6221508E-09
5967.58	1.6204805E-09
6265.96	1.6189418E-09
6579.26	1.6175259E-09
6908.22	1.6162245E-09
7253.63	1.6150296E-09
7616.31	1.6139338E-09
7997.13	1.61292989E-09
8396.98	1.61201111E-09
8816.83	1.61117114E-09
9257.67	1.61040399E-09
9720.56	1.60970404E-09
10206.6	1.60906603E-09
10716.9	1.60848501E-09
11252.8	1.60795638E-09
11815.4	1.60747586E-09
12406.2	1.60703943E-09
13026.5	1.6066434E-09
13677.8	1.60628431E-09
14361.7	1.60595898E-09
15079.8	1.60566446E-09
15833.8	1.60539803E-09
16625.5	1.60515718E-09
17456.7	1.60493961E-09
18329.6	1.60474319E-09
19246	1.60456599E-09
20208.3	1.60440622E-09
21218.8	1.60426226E-09
22279.7	1.6041326E-09
23393.7	1.6040159E-09
24563.4	1.603910911E-09
25791.5	1.603816506E-09
27081.1	1.603731658E-09
28435.2	1.603655434E-09
29856.9	1.603586988E-09
31349.8	1.60352555E-09
32917.3	1.603470424E-09
34563.1	1.60342098E-09
36291.3	1.603376649E-09
38105.8	1.603336914E-09
40011.1	1.603301311E-09
42011.7	1.603269419E-09
44112.3	1.60324086E-09
46317.9	1.603215291E-09
48633.8	1.603192407E-09