10	3.01452E-08
10.5	2.98677E-08
11.025	2.95592E-08
11.5763	2.92203E-08
12.1551	2.88517E-08
12.7628	2.8454E-08
13.401	2.80281E-08
14.071	2.75751E-08
14.7746	2.7096E-08
15.5133	2.65921E-08
16.2889	2.60648E-08
17.1034	2.55157E-08
17.9586	2.49464E-08
18.8565	2.43586E-08
19.7993	2.37541E-08
20.7893	2.31348E-08
21.8287	2.25029E-08
22.9202	2.18602E-08
24.0662	2.12088E-08
25.2695	2.05509E-08
26.533	1.98886E-08
27.8596	1.92238E-08
29.2526	1.85587E-08
30.7152	1.78952E-08
32.251	1.72352E-08
33.8635	1.65806E-08
35.5567	1.5933E-08
37.3346	1.52941E-08
39.2013	1.46653E-08
41.1614	1.40479E-08
43.2194	1.34432E-08
45.3804	1.28522E-08
47.6494	1.22759E-08
50.0319	1.17149E-08
52.5335	1.117E-08
55.1602	1.06417E-08
57.9182	1.013036E-08
60.8141	9.6363E-09
63.8548	9.15975E-09
67.0475	8.7008E-09
70.3999	8.25951E-09
73.9199	7.83584E-09
77.6159	7.4297E-09
81.4967	7.04094E-09
85.5715	6.66935E-09
89.8501	6.31468E-09
94.3426	5.97667E-09
99.0597	5.65497E-09
104.013	5.34923E-09
109.213	5.05906E-09
114.674	4.78404E-09
120.408	4.52374E-09
126.428	4.2777E-09
132.749	4.04542E-09
139.387	3.82642E-09
146.356	3.62019E-09
153.674	3.4262E-09
161.358	3.24393E-09
169.426	3.07285E-09
177.897	2.91244E-09
186.792	2.76216E-09
196.131	2.6215E-09
205.938	2.48993E-09
216.235	2.36695E-09
227.047	2.25207E-09
238.399	2.14481E-09
250.319	2.0447E-09
262.835	1.95129E-09
275.977	1.86416E-09
289.775	1.78288E-09
304.264	1.70706E-09
319.477	1.63633E-09
335.451	1.57034E-09
352.224	1.508743E-09
369.835	1.451228E-09
388.327	1.397498E-09
407.743	1.347275E-09
428.13	1.30032E-09
449.537	1.25633E-09
472.014	1.215142E-09
495.614	1.176528E-09
520.395	1.140295E-09
546.415	1.106266E-09
573.736	1.074278E-09
602.422	1.044181E-09
632.544	1.015836E-09
664.171	9.89119E-10
697.379	9.63913E-10
732.248	9.40113E-10
768.861	9.17623E-10
807.304	8.96356E-10
847.669	8.76232E-10
890.052	8.57178E-10
934.555	8.39127E-10
981.283	8.22021E-10
1030.35	8.05802E-10
1081.86	7.90422E-10
1135.96	7.75834E-10
1192.76	7.61996E-10
1252.39	7.4887E-10
1315.01	7.36421E-10
1380.76	7.24614E-10
1449.8	7.13421E-10
1522.29	7.02812E-10
1598.41	6.92761E-10
1678.33	6.83244E-10
1762.24	6.74237E-10
1850.35	6.65719E-10
1942.87	6.57667E-10
2040.02	6.50063E-10
2142.02	6.428866E-10
2249.12	6.3612E-10
2361.57	6.297454E-10
2479.65	6.237457E-10
2603.63	6.181043E-10
2733.82	6.128052E-10
2870.51	6.078327E-10
3014.03	6.031718E-10
3164.73	5.988077E-10
3322.97	5.947259E-10
3489.12	5.909126E-10
3663.58	5.873543E-10
3846.75	5.840376E-10
4039.09	5.809498E-10
4241.05	5.780784E-10
4453.1	5.754115E-10
4675.75	5.729374E-10
4909.54	5.706449E-10
5155.02	5.685232E-10
5412.77	5.665618E-10
5683.41	5.647508E-10
5967.58	5.630805E-10
6265.96	5.615418E-10
6579.26	5.601259E-10
6908.22	5.588245E-10
7253.63	5.576296E-10
7616.31	5.565338E-10
7997.13	5.5552989E-10
8396.98	5.5461111E-10
8816.83	5.5377114E-10
9257.67	5.5300399E-10
9720.56	5.5230404E-10
10206.6	5.5166603E-10
10716.9	5.5108501E-10
11252.8	5.5055638E-10
11815.4	5.5007586E-10
12406.2	5.4963943E-10
13026.5	5.492434E-10
13677.8	5.4888431E-10
14361.7	5.4855898E-10
15079.8	5.4826446E-10
15833.8	5.4799803E-10
16625.5	5.4775718E-10
17456.7	5.4753961E-10
18329.6	5.4734319E-10
19246	5.4716599E-10
20208.3	5.4700622E-10
21218.8	5.4686226E-10
22279.7	5.467326E-10
23393.7	5.466159E-10
24563.4	5.46510911E-10
25791.5	5.46416506E-10
27081.1	5.46331658E-10
28435.2	5.46255434E-10
29856.9	5.46186988E-10
31349.8	5.4612555E-10
32917.3	5.46070424E-10
34563.1	5.4602098E-10
36291.3	5.45976649E-10
38105.8	5.45936914E-10
40011.1	5.45901311E-10
42011.7	5.45869419E-10
44112.3	5.4584086E-10
46317.9	5.45815291E-10
48633.8	5.45792407E-10