5.000000000000000104e-03 0.000000000000000000e+00
1.499999999999999944e-02 0.000000000000000000e+00
2.500000000000000139e-02 0.000000000000000000e+00
3.500000000000000333e-02 0.000000000000000000e+00
4.499999999999999833e-02 0.000000000000000000e+00
5.500000000000000028e-02 0.000000000000000000e+00
6.500000000000000222e-02 0.000000000000000000e+00
7.499999999999999722e-02 0.000000000000000000e+00
8.500000000000000611e-02 0.000000000000000000e+00
9.500000000000000111e-02 0.000000000000000000e+00
1.049999999999999961e-01 0.000000000000000000e+00
1.150000000000000050e-01 0.000000000000000000e+00
1.250000000000000000e-01 0.000000000000000000e+00
1.350000000000000089e-01 0.000000000000000000e+00
1.449999999999999900e-01 0.000000000000000000e+00
1.549999999999999989e-01 0.000000000000000000e+00
1.650000000000000078e-01 0.000000000000000000e+00
1.749999999999999889e-01 0.000000000000000000e+00
1.849999999999999978e-01 0.000000000000000000e+00
1.950000000000000067e-01 0.000000000000000000e+00
2.049999999999999878e-01 0.000000000000000000e+00
2.149999999999999967e-01 0.000000000000000000e+00
2.250000000000000056e-01 0.000000000000000000e+00
2.349999999999999867e-01 0.000000000000000000e+00
2.449999999999999956e-01 0.000000000000000000e+00
2.550000000000000044e-01 0.000000000000000000e+00
2.650000000000000133e-01 0.000000000000000000e+00
2.750000000000000222e-01 0.000000000000000000e+00
2.849999999999999756e-01 0.000000000000000000e+00
2.949999999999999845e-01 0.000000000000000000e+00
3.049999999999999933e-01 0.000000000000000000e+00
3.150000000000000022e-01 0.000000000000000000e+00
3.250000000000000111e-01 0.000000000000000000e+00
3.350000000000000200e-01 0.000000000000000000e+00
3.449999999999999734e-01 0.000000000000000000e+00
3.549999999999999822e-01 0.000000000000000000e+00
3.649999999999999911e-01 0.000000000000000000e+00
3.750000000000000000e-01 0.000000000000000000e+00
3.850000000000000089e-01 0.000000000000000000e+00
3.950000000000000178e-01 0.000000000000000000e+00
4.050000000000000266e-01 0.000000000000000000e+00
4.149999999999999800e-01 0.000000000000000000e+00
4.249999999999999889e-01 0.000000000000000000e+00
4.349999999999999978e-01 0.000000000000000000e+00
4.450000000000000067e-01 0.000000000000000000e+00
4.550000000000000155e-01 0.000000000000000000e+00
4.650000000000000244e-01 0.000000000000000000e+00
4.749999999999999778e-01 0.000000000000000000e+00
4.849999999999999867e-01 0.000000000000000000e+00
4.949999999999999956e-01 0.000000000000000000e+00
5.050000000000000044e-01 0.000000000000000000e+00
5.150000000000000133e-01 0.000000000000000000e+00
5.250000000000000222e-01 0.000000000000000000e+00
5.350000000000000311e-01 0.000000000000000000e+00
5.450000000000000400e-01 0.000000000000000000e+00
5.550000000000000488e-01 0.000000000000000000e+00
5.649999999999999467e-01 0.000000000000000000e+00
5.749999999999999556e-01 0.000000000000000000e+00
5.849999999999999645e-01 0.000000000000000000e+00
5.949999999999999734e-01 0.000000000000000000e+00
6.049999999999999822e-01 0.000000000000000000e+00
6.149999999999999911e-01 0.000000000000000000e+00
6.250000000000000000e-01 0.000000000000000000e+00
6.350000000000000089e-01 0.000000000000000000e+00
6.450000000000000178e-01 0.000000000000000000e+00
6.550000000000000266e-01 0.000000000000000000e+00
6.650000000000000355e-01 0.000000000000000000e+00
6.750000000000000444e-01 0.000000000000000000e+00
6.850000000000000533e-01 0.000000000000000000e+00
6.949999999999999512e-01 0.000000000000000000e+00
7.049999999999999600e-01 0.000000000000000000e+00
7.149999999999999689e-01 0.000000000000000000e+00
7.249999999999999778e-01 0.000000000000000000e+00
7.349999999999999867e-01 0.000000000000000000e+00
7.449999999999999956e-01 0.000000000000000000e+00
7.550000000000000044e-01 0.000000000000000000e+00
7.650000000000000133e-01 0.000000000000000000e+00
7.750000000000000222e-01 0.000000000000000000e+00
7.850000000000000311e-01 0.000000000000000000e+00
7.950000000000000400e-01 0.000000000000000000e+00
8.050000000000000488e-01 0.000000000000000000e+00
8.149999999999999467e-01 0.000000000000000000e+00
8.249999999999999556e-01 0.000000000000000000e+00
8.349999999999999645e-01 0.000000000000000000e+00
8.449999999999999734e-01 0.000000000000000000e+00
8.549999999999999822e-01 0.000000000000000000e+00
8.649999999999999911e-01 0.000000000000000000e+00
8.750000000000000000e-01 0.000000000000000000e+00
8.850000000000000089e-01 0.000000000000000000e+00
8.950000000000000178e-01 0.000000000000000000e+00
9.050000000000000266e-01 0.000000000000000000e+00
9.150000000000000355e-01 0.000000000000000000e+00
9.250000000000000444e-01 0.000000000000000000e+00
9.350000000000000533e-01 0.000000000000000000e+00
9.449999999999999512e-01 0.000000000000000000e+00
9.549999999999999600e-01 0.000000000000000000e+00
9.649999999999999689e-01 0.000000000000000000e+00
9.749999999999999778e-01 0.000000000000000000e+00
9.849999999999999867e-01 0.000000000000000000e+00
9.949999999999999956e-01 0.000000000000000000e+00
1.004999999999999893e+00 0.000000000000000000e+00
1.014999999999999902e+00 0.000000000000000000e+00
1.024999999999999911e+00 0.000000000000000000e+00
1.034999999999999920e+00 0.000000000000000000e+00
1.044999999999999929e+00 0.000000000000000000e+00
1.054999999999999938e+00 0.000000000000000000e+00
1.064999999999999947e+00 0.000000000000000000e+00
1.074999999999999956e+00 0.000000000000000000e+00
1.084999999999999964e+00 0.000000000000000000e+00
1.094999999999999973e+00 0.000000000000000000e+00
1.104999999999999982e+00 0.000000000000000000e+00
1.114999999999999991e+00 0.000000000000000000e+00
1.125000000000000000e+00 0.000000000000000000e+00
1.135000000000000009e+00 0.000000000000000000e+00
1.145000000000000018e+00 0.000000000000000000e+00
1.155000000000000027e+00 0.000000000000000000e+00
1.165000000000000036e+00 0.000000000000000000e+00
1.175000000000000044e+00 0.000000000000000000e+00
1.185000000000000053e+00 0.000000000000000000e+00
1.195000000000000062e+00 0.000000000000000000e+00
1.205000000000000071e+00 0.000000000000000000e+00
1.215000000000000080e+00 0.000000000000000000e+00
1.225000000000000089e+00 0.000000000000000000e+00
1.235000000000000098e+00 0.000000000000000000e+00
1.245000000000000107e+00 0.000000000000000000e+00
1.254999999999999893e+00 0.000000000000000000e+00
1.264999999999999902e+00 0.000000000000000000e+00
1.274999999999999911e+00 0.000000000000000000e+00
1.284999999999999920e+00 0.000000000000000000e+00
1.294999999999999929e+00 0.000000000000000000e+00
1.304999999999999938e+00 0.000000000000000000e+00
1.314999999999999947e+00 0.000000000000000000e+00
1.324999999999999956e+00 0.000000000000000000e+00
1.334999999999999964e+00 0.000000000000000000e+00
1.344999999999999973e+00 1.075980599999999954e-01
1.354999999999999982e+00 1.054237199999999985e-01
1.364999999999999991e+00 1.032967000000000052e-01
1.375000000000000000e+00 1.012163799999999947e-01
1.385000000000000009e+00 9.918210399999999316e-02
1.395000000000000018e+00 9.719319099999999823e-02
1.405000000000000027e+00 9.524891900000000133e-02
1.415000000000000036e+00 9.334854400000000552e-02
1.425000000000000044e+00 9.149129999999999763e-02
1.435000000000000053e+00 8.967640600000000017e-02
1.445000000000000062e+00 8.790306400000000298e-02
1.455000000000000071e+00 8.617046999999999901e-02
1.465000000000000080e+00 8.447781000000000040e-02
1.475000000000000089e+00 8.282426699999999309e-02
1.485000000000000098e+00 8.120902200000000570e-02
1.495000000000000107e+00 7.963125499999999801e-02
1.504999999999999893e+00 7.809014999999999707e-02
1.514999999999999902e+00 7.658489300000000111e-02
1.524999999999999911e+00 7.511467700000000469e-02
1.534999999999999920e+00 7.367870199999999870e-02
1.544999999999999929e+00 7.227617399999999859e-02
1.554999999999999938e+00 7.090631199999999912e-02
1.564999999999999947e+00 6.956834100000000576e-02
1.574999999999999956e+00 6.826149900000000326e-02
1.584999999999999964e+00 6.698503699999999728e-02
1.594999999999999973e+00 6.573821600000000209e-02
1.604999999999999982e+00 6.452030999999999739e-02
1.614999999999999991e+00 6.333060699999999710e-02
1.625000000000000000e+00 6.216840900000000086e-02
1.635000000000000009e+00 6.103303100000000148e-02
1.645000000000000018e+00 5.992380099999999876e-02
1.655000000000000027e+00 5.884006299999999801e-02
1.665000000000000036e+00 5.778117299999999817e-02
1.675000000000000044e+00 5.674650299999999675e-02
1.685000000000000053e+00 5.573543799999999826e-02
1.695000000000000062e+00 5.474737899999999879e-02
1.705000000000000071e+00 5.378174000000000149e-02
1.715000000000000080e+00 5.283794700000000316e-02
1.725000000000000089e+00 5.191544299999999862e-02
1.735000000000000098e+00 5.101368299999999717e-02
1.745000000000000107e+00 5.013213600000000075e-02
1.754999999999999893e+00 4.927028399999999753e-02
1.764999999999999902e+00 4.842762199999999656e-02
1.774999999999999911e+00 4.760365999999999903e-02
1.784999999999999920e+00 4.679791700000000138e-02
1.794999999999999929e+00 4.600992799999999855e-02
1.804999999999999938e+00 4.523923800000000106e-02
1.814999999999999947e+00 4.448540499999999870e-02
1.824999999999999956e+00 4.374799800000000322e-02
1.834999999999999964e+00 4.302659799999999923e-02
1.844999999999999973e+00 4.232079799999999975e-02
1.854999999999999982e+00 4.163019999999999915e-02
1.864999999999999991e+00 4.095441899999999885e-02
1.875000000000000000e+00 4.029307800000000300e-02
1.885000000000000009e+00 3.964581200000000250e-02
1.895000000000000018e+00 3.901226599999999683e-02
1.905000000000000027e+00 3.839209400000000161e-02
1.915000000000000036e+00 3.778495999999999938e-02
1.925000000000000044e+00 3.719053600000000320e-02
1.935000000000000053e+00 3.660850300000000057e-02
1.945000000000000062e+00 3.603855400000000042e-02
1.955000000000000071e+00 3.548038700000000212e-02
1.965000000000000080e+00 3.493370800000000082e-02
1.975000000000000089e+00 3.439823399999999975e-02
1.985000000000000098e+00 3.387368799999999902e-02
1.995000000000000107e+00 3.335980000000000195e-02
2.004999999999999893e+00 3.285630900000000021e-02
2.015000000000000124e+00 3.236296000000000311e-02
2.024999999999999911e+00 3.187950600000000190e-02
2.035000000000000142e+00 3.140570499999999904e-02
2.044999999999999929e+00 3.094132399999999922e-02
2.055000000000000160e+00 3.048613500000000101e-02
2.064999999999999947e+00 3.003991500000000037e-02
2.075000000000000178e+00 2.960245099999999838e-02
2.084999999999999964e+00 2.917353099999999907e-02
2.095000000000000195e+00 2.875295300000000123e-02
2.104999999999999982e+00 2.834051699999999910e-02
2.115000000000000213e+00 2.793603199999999953e-02
2.125000000000000000e+00 2.753930799999999846e-02
2.134999999999999787e+00 2.715016300000000146e-02
2.145000000000000018e+00 2.676842100000000058e-02
2.154999999999999805e+00 2.639390600000000170e-02
2.165000000000000036e+00 2.602645199999999853e-02
2.174999999999999822e+00 2.566589500000000107e-02
2.185000000000000053e+00 2.531207499999999985e-02
2.194999999999999840e+00 2.496483600000000067e-02
2.205000000000000071e+00 2.462402899999999867e-02
2.214999999999999858e+00 2.428950499999999943e-02
2.225000000000000089e+00 2.396112200000000136e-02
2.234999999999999876e+00 2.363873999999999836e-02
2.245000000000000107e+00 2.332222499999999851e-02
2.254999999999999893e+00 2.301144200000000001e-02
2.265000000000000124e+00 2.270626499999999978e-02
2.274999999999999911e+00 2.240656699999999876e-02
2.285000000000000142e+00 2.211222800000000113e-02
2.294999999999999929e+00 2.182312600000000172e-02
2.305000000000000160e+00 2.153914800000000102e-02
2.314999999999999947e+00 2.126018099999999952e-02
2.325000000000000178e+00 2.098611300000000068e-02
2.334999999999999964e+00 2.071683900000000078e-02
2.345000000000000195e+00 2.045225399999999957e-02
2.354999999999999982e+00 2.019225700000000165e-02
2.365000000000000213e+00 1.993674700000000119e-02
2.375000000000000000e+00 1.968562999999999910e-02
2.384999999999999787e+00 1.943881000000000081e-02
2.395000000000000018e+00 1.919619599999999870e-02
2.404999999999999805e+00 1.895769900000000147e-02
2.415000000000000036e+00 1.872323000000000043e-02
2.424999999999999822e+00 1.849270700000000059e-02
2.435000000000000053e+00 1.826604399999999864e-02
2.444999999999999840e+00 1.804316200000000148e-02
2.455000000000000071e+00 1.782398199999999863e-02
2.464999999999999858e+00 1.760842699999999941e-02
2.475000000000000089e+00 1.739642200000000166e-02
2.484999999999999876e+00 1.718789299999999923e-02
2.495000000000000107e+00 1.698276900000000172e-02
2.504999999999999893e+00 1.678098100000000037e-02
2.515000000000000124e+00 1.658246099999999973e-02
2.524999999999999911e+00 1.638714200000000037e-02
2.535000000000000142e+00 1.619495899999999836e-02
2.544999999999999929e+00 1.600584999999999855e-02
2.555000000000000160e+00 1.581975299999999890e-02
2.564999999999999947e+00 1.563660700000000028e-02
2.575000000000000178e+00 1.545635400000000027e-02
2.584999999999999964e+00 1.527893599999999991e-02
2.595000000000000195e+00 1.510429800000000038e-02
2.604999999999999982e+00 1.493238399999999994e-02
2.615000000000000213e+00 1.476314100000000046e-02
2.625000000000000000e+00 1.459651799999999930e-02
2.634999999999999787e+00 1.443246299999999954e-02
2.645000000000000018e+00 1.427092599999999975e-02
2.654999999999999805e+00 1.411185799999999969e-02
2.665000000000000036e+00 1.395521299999999930e-02
2.674999999999999822e+00 1.380094400000000075e-02
2.685000000000000053e+00 1.364900399999999930e-02
2.694999999999999840e+00 1.349935099999999971e-02
2.705000000000000071e+00 1.335194100000000085e-02
2.714999999999999858e+00 1.320673099999999933e-02
2.725000000000000089e+00 1.306367999999999939e-02
2.734999999999999876e+00 1.292274799999999953e-02
2.745000000000000107e+00 1.278389499999999998e-02
2.754999999999999893e+00 1.264708200000000046e-02
2.765000000000000124e+00 1.251227100000000016e-02
2.774999999999999911e+00 1.237942600000000067e-02
2.785000000000000142e+00 1.224851100000000012e-02
2.794999999999999929e+00 1.211948900000000065e-02
2.805000000000000160e+00 1.199232800000000002e-02
2.814999999999999947e+00 1.186699100000000034e-02
2.825000000000000178e+00 1.174344800000000008e-02
2.834999999999999964e+00 1.162166400000000030e-02
2.845000000000000195e+00 1.150160899999999944e-02
2.854999999999999982e+00 1.138325199999999995e-02
2.865000000000000213e+00 1.126656099999999959e-02
2.875000000000000000e+00 1.115150900000000042e-02
2.884999999999999787e+00 1.103806499999999968e-02
2.895000000000000018e+00 1.092620099999999997e-02
2.904999999999999805e+00 1.081588900000000041e-02
2.915000000000000036e+00 1.070710199999999959e-02
2.924999999999999822e+00 1.059981400000000080e-02
2.935000000000000053e+00 1.049399799999999917e-02
2.944999999999999840e+00 1.038962899999999918e-02
2.955000000000000071e+00 1.028668200000000012e-02
2.964999999999999858e+00 1.018513100000000005e-02
2.975000000000000089e+00 1.008495499999999961e-02
2.984999999999999876e+00 9.986127500000000629e-03
2.995000000000000107e+00 9.888627199999999728e-03
