0	0	11	0.74276	0.08302	0.04412
0	0	12	0.75011	0.083105	0.13627
0	0	13	0.74438	0.083648	0.22595
0	0	14	0.74753	0.082143	0.3168
0	0	15	0.74812	0.08261	0.40947
0	0	16	0.74274	0.083807	0.50448
0	0	17	0.75387	0.083558	0.59247
0	0	18	0.75005	0.081259	0.6816
0	0	19	0.73699	0.083646	0.77514
0	0	20	0.75068	0.08324	0.86613
0	0	21	0.7484	0.082956	0.96894
0	1	11	0.72288	0.15404	0.045087
0	1	12	0.72115	0.15492	0.13891
0	1	13	0.72278	0.1545	0.22758
0	1	14	0.72698	0.15494	0.31666
0	1	15	0.71838	0.15495	0.41121
0	1	16	0.72115	0.15351	0.50254
0	1	17	0.72489	0.15325	0.59273
0	1	18	0.72685	0.1565	0.68176
0	1	19	0.72103	0.1519	0.7724
0	1	20	0.72433	0.15432	0.86574
0	1	21	0.72266	0.15496	0.969
0	2	11	0.72812	0.25464	0.043953
0	2	12	0.73299	0.25161	0.1355
0	2	13	0.72717	0.25379	0.22784
0	2	14	0.72257	0.25301	0.31853
0	2	15	0.73078	0.25291	0.41141
0	2	16	0.73094	0.25148	0.5019
0	2	17	0.72852	0.25408	0.5913
0	2	18	0.72823	0.25269	0.68202
0	2	19	0.72819	0.25203	0.77426
0	2	20	0.72985	0.25353	0.86544
0	2	21	0.72868	0.25306	0.96859
0	3	11	0.72101	0.35223	0.045703
0	3	12	0.72497	0.35158	0.13739
0	3	13	0.72474	0.35325	0.22902
0	3	14	0.72529	0.35094	0.31918
0	3	15	0.72374	0.35321	0.40989
0	3	16	0.72593	0.35285	0.50192
0	3	17	0.72522	0.35243	0.59272
0	3	18	0.72597	0.35185	0.68342
0	3	19	0.72591	0.35168	0.77405
0	3	20	0.72303	0.35245	0.86575
0	3	21	0.72529	0.35253	0.96937
0	4	11	0.72552	0.45233	0.046367
0	4	12	0.72692	0.45376	0.13603
0	4	13	0.72877	0.45196	0.22686
0	4	14	0.72321	0.45194	0.31764
0	4	15	0.72403	0.45208	0.40867
0	4	16	0.72579	0.45224	0.50124
0	4	17	0.72685	0.45277	0.59107
0	4	18	0.72194	0.45216	0.68147
0	4	19	0.72927	0.4521	0.7738
0	4	20	0.72398	0.45265	0.86637
0	4	21	0.72602	0.45261	0.96933
0	5	11	0.72596	0.55216	0.045851
0	5	12	0.72501	0.55192	0.13635
0	5	13	0.72858	0.5512	0.22741
0	5	14	0.7258	0.55243	0.31913
0	5	15	0.7276	0.55207	0.4091
0	5	16	0.72433	0.55291	0.50029
0	5	17	0.72389	0.55257	0.59157
0	5	18	0.72582	0.55255	0.6831
0	5	19	0.72896	0.55254	0.77457
0	5	20	0.72605	0.55233	0.86641
0	5	21	0.72557	0.55244	0.96967
0	6	11	0.72746	0.65102	0.045701
0	6	12	0.72762	0.65222	0.13644
0	6	13	0.7243	0.65157	0.22925
0	6	14	0.72642	0.65134	0.31949
0	6	15	0.72855	0.65197	0.41037
0	6	16	0.72682	0.6513	0.50222
0	6	17	0.73121	0.65343	0.59319
0	6	18	0.72619	0.65138	0.68215
0	6	19	0.72691	0.65104	0.77286
0	6	20	0.72642	0.65049	0.86747
0	6	21	0.72712	0.65183	0.96967
0	7	11	0.72659	0.75084	0.047301
0	7	12	0.72754	0.75061	0.13559
0	7	13	0.72964	0.75156	0.22647
0	7	14	0.7263	0.75222	0.3181
0	7	15	0.72655	0.75137	0.4095
0	7	16	0.72818	0.75034	0.50033
0	7	17	0.72662	0.751	0.59076
0	7	18	0.72779	0.75085	0.68281
0	7	19	0.73013	0.75269	0.7728
0	7	20	0.72427	0.74829	0.86271
0	7	21	0.72703	0.7512	0.96931
0	8	11	0.72677	0.85248	0.045234
0	8	12	0.72655	0.85109	0.13638
0	8	13	0.72652	0.85128	0.22733
0	8	14	0.72737	0.85155	0.31857
0	8	15	0.72848	0.85132	0.40952
0	8	16	0.72527	0.85148	0.50039
0	8	17	0.72724	0.85094	0.59163
0	8	18	0.72537	0.85222	0.68274
0	8	19	0.72653	0.85068	0.7744
0	8	20	0.72766	0.85078	0.86656
0	8	21	0.72636	0.85141	0.96939
0	9	11	0.72843	0.95189	0.047248
0	9	12	0.72544	0.94925	0.13626
0	9	13	0.72766	0.94963	0.22732
0	9	14	0.72566	0.95011	0.3197
0	9	15	0.7266	0.95038	0.41145
0	9	16	0.72609	0.95019	0.50038
0	9	17	0.72496	0.94983	0.59187
0	9	18	0.72839	0.95135	0.68303
0	9	19	0.7259	0.95001	0.77426
0	9	20	0.72604	0.95007	0.86588
0	9	21	0.72618	0.95035	0.96948
1	0	11	1.276	0.072054	0.045366
1	0	12	1.2709	0.072184	0.13661
1	0	13	1.2733	0.071994	0.22729
1	0	14	1.2761	0.072153	0.31845
1	0	15	1.2726	0.072085	0.40913
1	0	16	1.2739	0.072088	0.49997
1	0	17	1.274	0.071987	0.59158
1	0	18	1.2732	0.072014	0.6833
1	0	19	1.273	0.072227	0.77426
1	0	20	1.2755	0.07204	0.8662
1	0	21	1.2742	0.072297	0.9692
1	1	11	1.2545	0.15612	0.045437
1	1	12	1.2536	0.15639	0.13688
1	1	13	1.2547	0.15587	0.22761
1	1	14	1.2555	0.15608	0.31835
1	1	15	1.2527	0.15604	0.40973
1	1	16	1.2558	0.15603	0.50089
1	1	17	1.2556	0.15615	0.59162
1	1	18	1.2548	0.15616	0.68288
1	1	19	1.2545	0.15614	0.77395
1	1	20	1.2551	0.15598	0.86614
1	1	21	1.255	0.15637	0.96944
1	2	11	1.2615	0.25329	0.045732
1	2	12	1.2647	0.25338	0.13606
1	2	13	1.2617	0.2534	0.22763
1	2	14	1.2603	0.25311	0.31862
1	2	15	1.2622	0.25324	0.40965
1	2	16	1.2632	0.25317	0.50059
1	2	17	1.2619	0.25322	0.5912
1	2	18	1.2608	0.25361	0.68249
1	2	19	1.2629	0.25335	0.77402
1	2	20	1.2619	0.25343	0.86595
1	2	21	1.2626	0.25351	0.96936
1	3	11	1.2589	0.35258	0.046449
1	3	12	1.2601	0.35268	0.13603
1	3	13	1.2607	0.35239	0.22751
1	3	14	1.2614	0.35237	0.31809
1	3	15	1.2596	0.35305	0.40936
1	3	16	1.2606	0.3528	0.50055
1	3	17	1.2596	0.3529	0.59192
1	3	18	1.2584	0.35271	0.68268
1	3	19	1.2586	0.35253	0.77393
1	3	20	1.259	0.35277	0.86617
1	3	21	1.2598	0.35273	0.9696
1	4	11	1.261	0.45195	0.046655
1	4	12	1.2584	0.4519	0.13599
1	4	13	1.2617	0.45208	0.22734
1	4	14	1.2599	0.45224	0.31846
1	4	15	1.2603	0.45206	0.40956
1	4	16	1.2605	0.45211	0.50018
1	4	17	1.2601	0.45189	0.59163
1	4	18	1.2607	0.45203	0.68296
1	4	19	1.2614	0.4521	0.77431
1	4	20	1.2612	0.45224	0.86621
1	4	21	1.2607	0.45222	0.96954
1	5	11	1.261	0.55182	0.047068
1	5	12	1.2599	0.55185	0.1362
1	5	13	1.2598	0.55177	0.22743
1	5	14	1.2596	0.55154	0.31849
1	5	15	1.2603	0.55175	0.40961
1	5	16	1.2608	0.55174	0.50047
1	5	17	1.2605	0.5518	0.59168
1	5	18	1.2605	0.55188	0.68276
1	5	19	1.2605	0.55184	0.7741
1	5	20	1.2603	0.55171	0.86611
1	5	21	1.2603	0.55177	0.96956
1	6	11	1.2601	0.65151	0.047001
1	6	12	1.2601	0.65141	0.13634
1	6	13	1.2609	0.65153	0.22758
1	6	14	1.26	0.65159	0.31852
1	6	15	1.2598	0.6515	0.4095
1	6	16	1.2589	0.65152	0.50071
1	6	17	1.2598	0.65153	0.59181
1	6	18	1.2597	0.65143	0.6829
1	6	19	1.2602	0.65151	0.77419
1	6	20	1.2602	0.65143	0.86631
1	6	21	1.2603	0.65162	0.96958
1	7	11	1.2607	0.75131	0.047061
1	7	12	1.2605	0.75124	0.13628
1	7	13	1.2606	0.75143	0.22757
1	7	14	1.2606	0.75129	0.31861
1	7	15	1.2605	0.75134	0.40957
1	7	16	1.2605	0.75141	0.50062
1	7	17	1.2605	0.75141	0.5917
1	7	18	1.2599	0.75133	0.68284
1	7	19	1.2606	0.75154	0.77396
1	7	20	1.2596	0.75102	0.86587
1	7	21	1.2603	0.75136	0.96957
1	8	11	1.2598	0.85155	0.046746
1	8	12	1.2595	0.8512	0.1364
1	8	13	1.2603	0.85126	0.22759
1	8	14	1.26	0.85121	0.31859
1	8	15	1.2606	0.85124	0.40958
1	8	16	1.2603	0.85119	0.50062
1	8	17	1.2603	0.85121	0.59166
1	8	18	1.2598	0.85125	0.68278
1	8	19	1.2601	0.85118	0.77424
1	8	20	1.2599	0.85119	0.86617
1	8	21	1.2598	0.85123	0.96959
1	9	11	1.261	0.94994	0.046511
1	9	12	1.2602	0.94915	0.13652
1	9	13	1.2603	0.94929	0.22761
1	9	14	1.2607	0.94927	0.31845
1	9	15	1.26	0.94975	0.40954
1	9	16	1.2603	0.94953	0.50063
1	9	17	1.2605	0.94959	0.59167
1	9	18	1.2609	0.94971	0.68278
1	9	19	1.2602	0.94971	0.77412
1	9	20	1.2606	0.94984	0.86614
1	9	21	1.2606	0.94983	0.96956
2	0	11	2.1868	0.068082	0.045396
2	0	12	2.1853	0.068154	0.13645
2	0	13	2.1854	0.068104	0.22745
2	0	14	2.1866	0.068168	0.31845
2	0	15	2.1857	0.06815	0.40947
2	0	16	2.1861	0.068184	0.50056
2	0	17	2.186	0.068181	0.59152
2	0	18	2.186	0.068232	0.68275
2	0	19	2.1859	0.068244	0.77408
2	0	20	2.1858	0.068252	0.86607
2	0	21	2.1861	0.068299	0.96945
2	1	11	2.1775	0.1555	0.045833
2	1	12	2.1798	0.1559	0.13613
2	1	13	2.1795	0.1557	0.22743
2	1	14	2.1784	0.15572	0.31849
2	1	15	2.1775	0.15563	0.40953
2	1	16	2.1772	0.15561	0.50048
2	1	17	2.1776	0.15569	0.59165
2	1	18	2.1783	0.15583	0.68276
2	1	19	2.1782	0.15587	0.77412
2	1	20	2.1786	0.15589	0.86609
2	1	21	2.1786	0.15593	0.96953
2	2	11	2.1808	0.25349	0.046846
2	2	12	2.18	0.25339	0.13597
2	2	13	2.1795	0.25357	0.2275
2	2	14	2.1811	0.25368	0.31863
2	2	15	2.1814	0.2536	0.40958
2	2	16	2.1818	0.25358	0.50037
2	2	17	2.1808	0.25356	0.59156
2	2	18	2.1801	0.25374	0.68275
2	2	19	2.1808	0.25376	0.77414
2	2	20	2.1805	0.25376	0.8661
2	2	21	2.1805	0.25376	0.96956
2	3	11	2.1803	0.35246	0.047016
2	3	12	2.1806	0.35257	0.13618
2	3	13	2.1798	0.35263	0.22753
2	3	14	2.1792	0.35254	0.31852
2	3	15	2.1793	0.35252	0.40954
2	3	16	2.1794	0.3525	0.50051
2	3	17	2.1797	0.35254	0.59164
2	3	18	2.1803	0.35265	0.6828
2	3	19	2.1799	0.35272	0.77413
2	3	20	2.18	0.35272	0.86612
2	3	21	2.1801	0.35269	0.96958
2	4	11	2.1805	0.45199	0.047086
2	4	12	2.1794	0.45199	0.13621
2	4	13	2.1804	0.452	0.22758
2	4	14	2.1806	0.45197	0.31855
2	4	15	2.1805	0.45205	0.40955
2	4	16	2.1804	0.45213	0.50057
2	4	17	2.18	0.45214	0.59163
2	4	18	2.1796	0.45211	0.68281
2	4	19	2.1796	0.45207	0.77416
2	4	20	2.1797	0.45208	0.86614
2	4	21	2.1798	0.45206	0.96959
2	5	11	2.1809	0.55169	0.047197
2	5	12	2.1792	0.55166	0.13633
2	5	13	2.1799	0.55172	0.22758
2	5	14	2.1801	0.55176	0.31857
2	5	15	2.1801	0.55174	0.40955
2	5	16	2.1801	0.55173	0.50058
2	5	17	2.1804	0.55171	0.59166
2	5	18	2.1804	0.55172	0.68281
2	5	19	2.1805	0.55177	0.77415
2	5	20	2.18	0.55181	0.86614
2	5	21	2.1799	0.55178	0.96959
2	6	11	2.1807	0.65144	0.047202
2	6	12	2.1796	0.65145	0.13641
2	6	13	2.1801	0.65147	0.22759
2	6	14	2.18	0.65148	0.31858
2	6	15	2.18	0.65151	0.40956
2	6	16	2.1799	0.65154	0.50057
2	6	17	2.1799	0.65155	0.59164
2	6	18	2.1799	0.65154	0.68281
2	6	19	2.1799	0.65155	0.77417
2	6	20	2.1801	0.65154	0.86614
2	6	21	2.1802	0.65152	0.9696
2	7	11	2.1806	0.75129	0.047087
2	7	12	2.1795	0.75126	0.1365
2	7	13	2.1799	0.75131	0.2276
2	7	14	2.1801	0.75132	0.31857
2	7	15	2.18	0.75133	0.40957
2	7	16	2.1799	0.75132	0.50059
2	7	17	2.18	0.75133	0.59166
2	7	18	2.1798	0.75133	0.68281
2	7	19	2.1799	0.75135	0.77417
2	7	20	2.1799	0.75137	0.86616
2	7	21	2.1799	0.75134	0.9696
2	8	11	2.1801	0.85124	0.046841
2	8	12	2.1796	0.85121	0.13658
2	8	13	2.1799	0.85123	0.22761
2	8	14	2.1799	0.85122	0.31859
2	8	15	2.18	0.85122	0.40957
2	8	16	2.18	0.85123	0.50059
2	8	17	2.1799	0.85122	0.59166
2	8	18	2.1799	0.8512	0.68282
2	8	19	2.1798	0.85122	0.77417
2	8	20	2.1798	0.85121	0.86615
2	8	21	2.1798	0.85121	0.96961
2	9	11	2.1799	0.94981	0.046284
2	9	12	2.18	0.94936	0.13662
2	9	13	2.1802	0.94941	0.22761
2	9	14	2.18	0.94946	0.31859
2	9	15	2.1802	0.9495	0.40959
2	9	16	2.1799	0.94955	0.50059
2	9	17	2.1801	0.9496	0.59166
2	9	18	2.18	0.94965	0.68281
2	9	19	2.18	0.9497	0.77416
2	9	20	2.18	0.94972	0.86615
2	9	21	2.18	0.94975	0.96959
3	0	11	3.7707	0.067208	0.045567
3	0	12	3.7727	0.06731	0.13624
3	0	13	3.7708	0.067221	0.22744
3	0	14	3.7685	0.067158	0.31845
3	0	15	3.7702	0.067284	0.40952
3	0	16	3.7712	0.067357	0.50046
3	0	17	3.7708	0.067385	0.59157
3	0	18	3.7711	0.067387	0.68277
3	0	19	3.7709	0.06742	0.77411
3	0	20	3.771	0.067433	0.86608
3	0	21	3.771	0.067467	0.96953
3	1	11	3.7697	0.15569	0.046791
3	1	12	3.7688	0.15558	0.13597
3	1	13	3.7686	0.15558	0.22745
3	1	14	3.7696	0.15568	0.31853
3	1	15	3.7696	0.1558	0.40956
3	1	16	3.7695	0.15588	0.50041
3	1	17	3.7694	0.15587	0.59162
3	1	18	3.7697	0.15586	0.68277
3	1	19	3.7693	0.15586	0.77411
3	1	20	3.7691	0.15587	0.86609
3	1	21	3.7693	0.15591	0.96956
3	2	11	3.7707	0.25345	0.047044
3	2	12	3.77	0.25336	0.13614
3	2	13	3.7707	0.25344	0.22752
3	2	14	3.7705	0.25349	0.31852
3	2	15	3.7703	0.25356	0.40951
3	2	16	3.7701	0.25359	0.50053
3	2	17	3.7698	0.25358	0.59162
3	2	18	3.7696	0.25356	0.68278
3	2	19	3.7698	0.25356	0.77413
3	2	20	3.77	0.25357	0.86612
3	2	21	3.77	0.25362	0.96957
3	3	11	3.7719	0.35251	0.047134
3	3	12	3.7697	0.35245	0.1363
3	3	13	3.7706	0.3525	0.22755
3	3	14	3.7704	0.35255	0.31853
3	3	15	3.7706	0.35259	0.40952
3	3	16	3.7705	0.3526	0.50055
3	3	17	3.7707	0.35261	0.59163
3	3	18	3.7709	0.3526	0.68279
3	3	19	3.7708	0.35262	0.77415
3	3	20	3.7708	0.35265	0.86613
3	3	21	3.7707	0.35268	0.96959
3	4	11	3.7713	0.45197	0.047058
3	4	12	3.7696	0.45196	0.13643
3	4	13	3.7706	0.452	0.22756
3	4	14	3.7706	0.45203	0.31855
3	4	15	3.7707	0.45205	0.40954
3	4	16	3.7705	0.45204	0.50056
3	4	17	3.7703	0.45206	0.59164
3	4	18	3.7703	0.45209	0.6828
3	4	19	3.7703	0.45211	0.77415
3	4	20	3.7703	0.45211	0.86614
3	4	21	3.7703	0.45212	0.96959
3	5	11	3.7708	0.55169	0.046947
3	5	12	3.7699	0.55169	0.13651
3	5	13	3.7703	0.5517	0.22758
3	5	14	3.7702	0.55171	0.31856
3	5	15	3.7701	0.55172	0.40956
3	5	16	3.7701	0.55173	0.50058
3	5	17	3.7703	0.55174	0.59165
3	5	18	3.7703	0.55176	0.6828
3	5	19	3.7701	0.55175	0.77416
3	5	20	3.77	0.55175	0.86614
3	5	21	3.7699	0.55176	0.9696
3	6	11	3.7706	0.65141	0.046921
3	6	12	3.7699	0.65145	0.13656
3	6	13	3.7701	0.65148	0.22759
3	6	14	3.7701	0.6515	0.31856
3	6	15	3.77	0.65152	0.40956
3	6	16	3.7699	0.65153	0.50058
3	6	17	3.7698	0.65153	0.59165
3	6	18	3.7697	0.65153	0.68281
3	6	19	3.7697	0.65153	0.77416
3	6	20	3.7698	0.65153	0.86615
3	6	21	3.7698	0.65153	0.9696
3	7	11	3.7703	0.75128	0.046733
3	7	12	3.7698	0.75128	0.1366
3	7	13	3.7702	0.7513	0.22761
3	7	14	3.7701	0.75131	0.31858
3	7	15	3.7701	0.75132	0.40957
3	7	16	3.7701	0.75133	0.50059
3	7	17	3.7701	0.75133	0.59166
3	7	18	3.77	0.75134	0.68281
3	7	19	3.7698	0.75135	0.77417
3	7	20	3.7697	0.75135	0.86614
3	7	21	3.7695	0.75135	0.9696
3	8	11	3.7701	0.8512	0.046491
3	8	12	3.7699	0.85119	0.13662
3	8	13	3.7701	0.8512	0.22761
3	8	14	3.77	0.8512	0.31859
3	8	15	3.7699	0.8512	0.40957
3	8	16	3.7699	0.8512	0.50059
3	8	17	3.7699	0.8512	0.59166
3	8	18	3.7698	0.8512	0.68281
3	8	19	3.7698	0.8512	0.77417
3	8	20	3.7698	0.8512	0.86615
3	8	21	3.7698	0.8512	0.96961
3	9	11	3.7699	0.95001	0.046058
3	9	12	3.7703	0.94972	0.13663
3	9	13	3.7704	0.94973	0.2276
3	9	14	3.7703	0.94974	0.31858
3	9	15	3.7702	0.94975	0.40957
3	9	16	3.7701	0.94977	0.50059
3	9	17	3.77	0.9498	0.59165
3	9	18	3.77	0.94982	0.68281
3	9	19	3.7699	0.94984	0.77416
3	9	20	3.7698	0.94986	0.86614
3	9	21	3.7697	0.94987	0.9696
4	0	11	6.5249	0.066745	0.046242
4	0	12	6.5257	0.066973	0.13602
4	0	13	6.5262	0.066934	0.22745
4	0	14	6.5266	0.066948	0.31848
4	0	15	6.5274	0.066943	0.40952
4	0	16	6.5282	0.066934	0.5004
4	0	17	6.5263	0.066958	0.59162
4	0	18	6.5262	0.066957	0.68277
4	0	19	6.5271	0.067013	0.7741
4	0	20	6.5265	0.067025	0.86607
4	0	21	6.5262	0.067039	0.96953
4	1	11	6.5251	0.15563	0.047045
4	1	12	6.5227	0.15555	0.13613
4	1	13	6.5244	0.15568	0.22748
4	1	14	6.5242	0.15568	0.31849
4	1	15	6.5243	0.15569	0.40949
4	1	16	6.5237	0.1557	0.5005
4	1	17	6.5234	0.15572	0.5916
4	1	18	6.5238	0.15578	0.68276
4	1	19	6.5236	0.15582	0.77411
4	1	20	6.5236	0.15584	0.86609
4	1	21	6.5237	0.15585	0.96955
4	2	11	6.5235	0.25343	0.04704
4	2	12	6.5205	0.25337	0.13635
4	2	13	6.522	0.25344	0.22752
4	2	14	6.5217	0.25346	0.3185
4	2	15	6.5216	0.25349	0.4095
4	2	16	6.5217	0.25352	0.50053
4	2	17	6.5219	0.25355	0.59161
4	2	18	6.5219	0.25356	0.68277
4	2	19	6.5216	0.25358	0.77413
4	2	20	6.5216	0.2536	0.86611
4	2	21	6.5218	0.25362	0.96957
4	3	11	6.5219	0.35248	0.04684
4	3	12	6.5204	0.35248	0.13648
4	3	13	6.521	0.35252	0.22754
4	3	14	6.5208	0.35254	0.31852
4	3	15	6.521	0.35257	0.40953
4	3	16	6.521	0.35258	0.50055
4	3	17	6.5208	0.3526	0.59162
4	3	18	6.5207	0.35262	0.68278
4	3	19	6.5207	0.35264	0.77414
4	3	20	6.5208	0.35264	0.86613
4	3	21	6.5207	0.35266	0.96958
4	4	11	6.5214	0.45196	0.046668
4	4	12	6.5205	0.45196	0.13655
4	4	13	6.521	0.452	0.22756
4	4	14	6.521	0.45202	0.31854
4	4	15	6.521	0.45203	0.40954
4	4	16	6.5208	0.45205	0.50057
4	4	17	6.5207	0.45207	0.59164
4	4	18	6.5207	0.45207	0.68279
4	4	19	6.5204	0.45209	0.77415
4	4	20	6.5204	0.4521	0.86613
4	4	21	6.5203	0.4521	0.96959
4	5	11	6.5209	0.55168	0.04653
4	5	12	6.5205	0.55169	0.13658
4	5	13	6.5205	0.55169	0.22757
4	5	14	6.5203	0.5517	0.31856
4	5	15	6.5201	0.55171	0.40955
4	5	16	6.5202	0.55172	0.50058
4	5	17	6.5201	0.55173	0.59164
4	5	18	6.5199	0.55174	0.6828
4	5	19	6.5198	0.55174	0.77416
4	5	20	6.5198	0.55175	0.86614
4	5	21	6.5197	0.55175	0.9696
4	6	11	6.5201	0.6514	0.046514
4	6	12	6.5201	0.65146	0.13661
4	6	13	6.5201	0.65149	0.22758
4	6	14	6.5201	0.65151	0.31856
4	6	15	6.5199	0.65151	0.40956
4	6	16	6.5198	0.65151	0.50058
4	6	17	6.5196	0.65151	0.59165
4	6	18	6.5194	0.65151	0.68281
4	6	19	6.5193	0.65151	0.77416
4	6	20	6.5192	0.65151	0.86614
4	6	21	6.519	0.65151	0.9696
4	7	11	6.5198	0.75127	0.046343
4	7	12	6.5199	0.75127	0.13664
4	7	13	6.5198	0.75128	0.2276
4	7	14	6.5195	0.7513	0.31857
4	7	15	6.5192	0.75132	0.40956
4	7	16	6.519	0.75133	0.50058
4	7	17	6.5189	0.75133	0.59165
4	7	18	6.5189	0.75134	0.68281
4	7	19	6.5189	0.75134	0.77416
4	7	20	6.5188	0.75134	0.86614
4	7	21	6.5188	0.75134	0.9696
4	8	11	6.5196	0.85118	0.04615
4	8	12	6.5194	0.85119	0.13664
4	8	13	6.5194	0.85119	0.2276
4	8	14	6.5192	0.85118	0.31858
4	8	15	6.519	0.85117	0.40957
4	8	16	6.5189	0.85117	0.50059
4	8	17	6.5187	0.85118	0.59166
4	8	18	6.5183	0.85118	0.68281
4	8	19	6.5179	0.85119	0.77416
4	8	20	6.5175	0.85119	0.86614
4	8	21	6.5172	0.85119	0.9696
4	9	11	6.5186	0.95022	0.045845
4	9	12	6.5188	0.95001	0.13664
4	9	13	6.5185	0.95002	0.2276
4	9	14	6.5184	0.95002	0.31857
4	9	15	6.5183	0.95003	0.40956
4	9	16	6.518	0.95003	0.50058
4	9	17	6.5179	0.95003	0.59165
4	9	18	6.5179	0.95003	0.6828
4	9	19	6.5178	0.95004	0.77416
4	9	20	6.5176	0.95003	0.86614
4	9	21	6.5175	0.95002	0.9696
5	0	11	11.274	0.066764	0.046747
5	0	12	11.273	0.06679	0.13604
5	0	13	11.274	0.066782	0.22743
5	0	14	11.275	0.066799	0.31847
5	0	15	11.276	0.066863	0.40951
5	0	16	11.277	0.06689	0.50044
5	0	17	11.277	0.066882	0.59159
5	0	18	11.277	0.066922	0.68275
5	0	19	11.278	0.066928	0.77408
5	0	20	11.278	0.066944	0.86607
5	0	21	11.278	0.066969	0.96953
5	1	11	11.28	0.15567	0.046965
5	1	12	11.275	0.15556	0.13632
5	1	13	11.279	0.15567	0.22749
5	1	14	11.28	0.1557	0.31848
5	1	15	11.281	0.15572	0.40948
5	1	16	11.28	0.15574	0.5005
5	1	17	11.28	0.15576	0.59158
5	1	18	11.279	0.15578	0.68274
5	1	19	11.279	0.1558	0.7741
5	1	20	11.279	0.15584	0.86609
5	1	21	11.279	0.15588	0.96956
5	2	11	11.275	0.25337	0.046653
5	2	12	11.274	0.25337	0.13649
5	2	13	11.276	0.25342	0.22752
5	2	14	11.276	0.25344	0.3185
5	2	15	11.275	0.25347	0.4095
5	2	16	11.275	0.25349	0.50053
5	2	17	11.275	0.25352	0.5916
5	2	18	11.276	0.25355	0.68277
5	2	19	11.276	0.25356	0.77413
5	2	20	11.276	0.25356	0.86611
5	2	21	11.276	0.25357	0.96957
5	3	11	11.271	0.35246	0.04639
5	3	12	11.27	0.35248	0.13655
5	3	13	11.27	0.35251	0.22754
5	3	14	11.27	0.35253	0.31852
5	3	15	11.27	0.35255	0.40952
5	3	16	11.27	0.35257	0.50055
5	3	17	11.271	0.35258	0.59162
5	3	18	11.27	0.35259	0.68278
5	3	19	11.27	0.35261	0.77414
5	3	20	11.27	0.35263	0.86612
5	3	21	11.27	0.35264	0.96959
5	4	11	11.271	0.45195	0.046152
5	4	12	11.271	0.45198	0.13658
5	4	13	11.271	0.452	0.22756
5	4	14	11.271	0.45202	0.31854
5	4	15	11.271	0.45204	0.40954
5	4	16	11.27	0.45205	0.50056
5	4	17	11.27	0.45206	0.59163
5	4	18	11.27	0.45207	0.68279
5	4	19	11.269	0.45208	0.77415
5	4	20	11.269	0.45209	0.86613
5	4	21	11.269	0.45209	0.96959
5	5	11	11.272	0.55167	0.046008
5	5	12	11.272	0.55165	0.1366
5	5	13	11.273	0.55167	0.22757
5	5	14	11.272	0.55168	0.31855
5	5	15	11.272	0.5517	0.40955
5	5	16	11.271	0.55171	0.50057
5	5	17	11.271	0.55171	0.59164
5	5	18	11.271	0.55172	0.6828
5	5	19	11.27	0.55173	0.77415
5	5	20	11.27	0.55173	0.86614
5	5	21	11.27	0.55173	0.96959
5	6	11	11.275	0.65134	0.046143
5	6	12	11.274	0.65145	0.13659
5	6	13	11.273	0.6515	0.22757
5	6	14	11.272	0.65151	0.31855
5	6	15	11.272	0.65149	0.40955
5	6	16	11.271	0.65148	0.50057
5	6	17	11.271	0.65148	0.59164
5	6	18	11.271	0.65148	0.6828
5	6	19	11.27	0.65148	0.77416
5	6	20	11.27	0.65148	0.86614
5	6	21	11.269	0.65148	0.96959
5	7	11	11.272	0.75127	0.045988
5	7	12	11.272	0.75127	0.13662
5	7	13	11.272	0.75125	0.22759
5	7	14	11.272	0.75126	0.31857
5	7	15	11.271	0.75127	0.40956
5	7	16	11.27	0.75131	0.50058
5	7	17	11.27	0.75135	0.59164
5	7	18	11.269	0.75136	0.68279
5	7	19	11.268	0.75134	0.77415
5	7	20	11.268	0.75132	0.86613
5	7	21	11.267	0.7513	0.96959
5	8	11	11.271	0.85117	0.045871
5	8	12	11.271	0.85118	0.13664
5	8	13	11.271	0.85118	0.2276
5	8	14	11.27	0.85118	0.31857
5	8	15	11.27	0.85117	0.40957
5	8	16	11.27	0.85116	0.50058
5	8	17	11.269	0.85114	0.59165
5	8	18	11.269	0.85112	0.68281
5	8	19	11.269	0.85112	0.77416
5	8	20	11.268	0.85116	0.86613
5	8	21	11.267	0.8512	0.96959
5	9	11	11.273	0.95019	0.045659
5	9	12	11.273	0.95003	0.13664
5	9	13	11.273	0.95004	0.22759
5	9	14	11.272	0.95005	0.31856
5	9	15	11.272	0.95006	0.40955
5	9	16	11.271	0.95006	0.50057
5	9	17	11.271	0.95007	0.59164
5	9	18	11.27	0.95008	0.68279
5	9	19	11.269	0.95008	0.77415
5	9	20	11.269	0.95007	0.86613
5	9	21	11.268	0.95003	0.96959
6	0	11	19.474	0.066776	0.046917
6	0	12	19.466	0.066614	0.13618
6	0	13	19.472	0.066725	0.22746
6	0	14	19.474	0.066758	0.31846
6	0	15	19.477	0.066793	0.40947
6	0	16	19.479	0.066811	0.50047
6	0	17	19.482	0.06683	0.59158
6	0	18	19.484	0.066863	0.68273
6	0	19	19.485	0.066878	0.77409
6	0	20	19.486	0.066889	0.86607
6	0	21	19.486	0.066899	0.96953
6	1	11	19.472	0.15564	0.046586
6	1	12	19.469	0.15562	0.13646
6	1	13	19.473	0.15567	0.22749
6	1	14	19.475	0.15569	0.31847
6	1	15	19.477	0.15571	0.40948
6	1	16	19.477	0.15573	0.5005
6	1	17	19.477	0.15575	0.59158
6	1	18	19.476	0.15577	0.68274
6	1	19	19.475	0.1558	0.7741
6	1	20	19.474	0.15582	0.86609
6	1	21	19.474	0.15584	0.96955
6	2	11	19.482	0.25337	0.046147
6	2	12	19.483	0.25341	0.13653
6	2	13	19.483	0.25343	0.22751
6	2	14	19.483	0.25345	0.3185
6	2	15	19.482	0.25347	0.4095
6	2	16	19.481	0.25349	0.50052
6	2	17	19.481	0.25351	0.5916
6	2	18	19.481	0.25353	0.68276
6	2	19	19.48	0.25354	0.77412
6	2	20	19.48	0.25356	0.8661
6	2	21	19.479	0.25358	0.96956
6	3	11	19.483	0.35244	0.04598
6	3	12	19.482	0.35244	0.13655
6	3	13	19.481	0.35246	0.22753
6	3	14	19.482	0.35249	0.31852
6	3	15	19.481	0.35251	0.40951
6	3	16	19.481	0.35253	0.50054
6	3	17	19.48	0.35254	0.59161
6	3	18	19.479	0.35256	0.68277
6	3	19	19.478	0.35257	0.77413
6	3	20	19.477	0.35258	0.86611
6	3	21	19.477	0.35259	0.96957
6	4	11	19.483	0.45192	0.045987
6	4	12	19.483	0.45193	0.13658
6	4	13	19.483	0.45197	0.22755
6	4	14	19.48	0.45199	0.31853
6	4	15	19.478	0.452	0.40953
6	4	16	19.477	0.452	0.50055
6	4	17	19.477	0.45201	0.59162
6	4	18	19.476	0.45202	0.68278
6	4	19	19.475	0.45203	0.77414
6	4	20	19.474	0.45204	0.86612
6	4	21	19.472	0.45204	0.96958
6	5	11	19.487	0.55166	0.045847
6	5	12	19.482	0.55163	0.13659
6	5	13	19.479	0.55163	0.22757
6	5	14	19.479	0.55164	0.31855
6	5	15	19.478	0.55165	0.40954
6	5	16	19.477	0.55167	0.50056
6	5	17	19.475	0.55168	0.59163
6	5	18	19.473	0.55168	0.68278
6	5	19	19.471	0.55168	0.77414
6	5	20	19.469	0.55168	0.86612
6	5	21	19.468	0.55168	0.96958
6	6	11	19.484	0.65129	0.045919
6	6	12	19.482	0.65142	0.13661
6	6	13	19.481	0.65151	0.22756
6	6	14	19.476	0.65151	0.31853
6	6	15	19.472	0.65147	0.40953
6	6	16	19.47	0.65145	0.50056
6	6	17	19.469	0.65144	0.59163
6	6	18	19.469	0.65144	0.68279
6	6	19	19.467	0.65145	0.77414
6	6	20	19.465	0.65145	0.86612
6	6	21	19.462	0.65144	0.96958
6	7	11	19.478	0.75124	0.045841
6	7	12	19.476	0.75125	0.13662
6	7	13	19.474	0.75124	0.22759
6	7	14	19.474	0.75121	0.31857
6	7	15	19.474	0.75123	0.40955
6	7	16	19.473	0.7513	0.50056
6	7	17	19.47	0.75134	0.59162
6	7	18	19.465	0.75132	0.68278
6	7	19	19.462	0.7513	0.77414
6	7	20	19.46	0.75129	0.86612
6	7	21	19.458	0.75127	0.96957
6	8	11	19.474	0.85116	0.045788
6	8	12	19.473	0.85116	0.13661
6	8	13	19.471	0.85116	0.22758
6	8	14	19.469	0.85115	0.31855
6	8	15	19.467	0.85114	0.40955
6	8	16	19.464	0.85114	0.50057
6	8	17	19.463	0.85111	0.59164
6	8	18	19.463	0.85108	0.68279
6	8	19	19.463	0.85109	0.77414
6	8	20	19.462	0.85112	0.86612
6	8	21	19.459	0.85114	0.96957
6	9	11	19.47	0.9502	0.045606
6	9	12	19.469	0.95005	0.13661
6	9	13	19.466	0.95006	0.22757
6	9	14	19.465	0.95007	0.31854
6	9	15	19.463	0.9501	0.40954
6	9	16	19.46	0.95009	0.50056
6	9	17	19.459	0.95011	0.59162
6	9	18	19.456	0.95011	0.68278
6	9	19	19.453	0.95012	0.77413
6	9	20	19.45	0.95012	0.86611
6	9	21	19.448	0.95006	0.96957
7	0	11	33.653	0.066729	0.046733
7	0	12	33.642	0.066552	0.13633
7	0	13	33.646	0.066677	0.22746
7	0	14	33.645	0.066694	0.31845
7	0	15	33.646	0.066718	0.40945
7	0	16	33.645	0.066729	0.50047
7	0	17	33.646	0.066743	0.59156
7	0	18	33.647	0.066768	0.68272
7	0	19	33.647	0.066784	0.77408
7	0	20	33.648	0.066805	0.86607
7	0	21	33.648	0.066824	0.96953
7	1	11	33.648	0.1555	0.046089
7	1	12	33.648	0.15554	0.1365
7	1	13	33.648	0.15557	0.22748
7	1	14	33.647	0.1556	0.31847
7	1	15	33.648	0.15562	0.40947
7	1	16	33.649	0.15564	0.5005
7	1	17	33.647	0.15565	0.59157
7	1	18	33.645	0.15567	0.68274
7	1	19	33.643	0.15568	0.7741
7	1	20	33.642	0.15571	0.86608
7	1	21	33.64	0.15573	0.96954
7	2	11	33.652	0.25331	0.04593
7	2	12	33.648	0.25334	0.13653
7	2	13	33.648	0.25337	0.2275
7	2	14	33.647	0.25339	0.31849
7	2	15	33.643	0.2534	0.40949
7	2	16	33.64	0.25341	0.50051
7	2	17	33.638	0.25344	0.59159
7	2	18	33.637	0.25345	0.68275
7	2	19	33.635	0.25346	0.77411
7	2	20	33.632	0.25347	0.86609
7	2	21	33.629	0.25349	0.96955
7	3	11	33.653	0.35238	0.045749
7	3	12	33.646	0.35242	0.13654
7	3	13	33.643	0.35244	0.22751
7	3	14	33.636	0.35244	0.3185
7	3	15	33.632	0.35245	0.4095
7	3	16	33.63	0.35246	0.50053
7	3	17	33.627	0.35247	0.5916
7	3	18	33.623	0.3525	0.68276
7	3	19	33.62	0.3525	0.77412
7	3	20	33.616	0.3525	0.8661
7	3	21	33.612	0.35251	0.96956
7	4	11	33.634	0.45189	0.045711
7	4	12	33.633	0.45183	0.13659
7	4	13	33.641	0.45191	0.22755
7	4	14	33.638	0.45196	0.31851
7	4	15	33.63	0.45196	0.40951
7	4	16	33.621	0.45196	0.50053
7	4	17	33.616	0.45197	0.5916
7	4	18	33.609	0.45197	0.68276
7	4	19	33.604	0.45197	0.77412
7	4	20	33.601	0.45196	0.8661
7	4	21	33.596	0.45196	0.96956
7	5	11	33.625	0.55159	0.045872
7	5	12	33.626	0.55158	0.13658
7	5	13	33.617	0.55166	0.22753
7	5	14	33.61	0.55158	0.31853
7	5	15	33.614	0.55157	0.40953
7	5	16	33.615	0.55161	0.50055
7	5	17	33.61	0.55163	0.5916
7	5	18	33.603	0.55163	0.68276
7	5	19	33.596	0.55163	0.77412
7	5	20	33.589	0.55162	0.8661
7	5	21	33.581	0.55162	0.96955
7	6	11	33.617	0.6513	0.045932
7	6	12	33.604	0.65138	0.13657
7	6	13	33.605	0.65138	0.22756
7	6	14	33.608	0.65139	0.31852
7	6	15	33.603	0.65146	0.40951
7	6	16	33.591	0.65142	0.50053
7	6	17	33.586	0.65136	0.59162
7	6	18	33.587	0.65136	0.68277
7	6	19	33.584	0.65138	0.77412
7	6	20	33.579	0.65138	0.86609
7	6	21	33.569	0.65137	0.96955
7	7	11	33.613	0.7512	0.045811
7	7	12	33.609	0.75119	0.1366
7	7	13	33.602	0.75119	0.22756
7	7	14	33.593	0.75122	0.31853
7	7	15	33.585	0.75121	0.40951
7	7	16	33.583	0.75118	0.50054
7	7	17	33.58	0.75121	0.5916
7	7	18	33.574	0.75124	0.68275
7	7	19	33.569	0.75121	0.77412
7	7	20	33.56	0.7512	0.8661
7	7	21	33.555	0.75116	0.96954
7	8	11	33.607	0.85113	0.045725
7	8	12	33.601	0.85113	0.13658
7	8	13	33.595	0.85113	0.22754
7	8	14	33.588	0.85113	0.31853
7	8	15	33.582	0.85111	0.40952
7	8	16	33.573	0.85109	0.50053
7	8	17	33.564	0.85109	0.5916
7	8	18	33.553	0.85107	0.68275
7	8	19	33.543	0.85106	0.7741
7	8	20	33.536	0.85106	0.86608
7	8	21	33.529	0.85104	0.96953
7	9	11	33.601	0.95021	0.045546
7	9	12	33.596	0.95005	0.13658
7	9	13	33.588	0.95004	0.22754
7	9	14	33.582	0.95006	0.31853
7	9	15	33.577	0.95006	0.40952
7	9	16	33.567	0.95004	0.5005
7	9	17	33.56	0.95003	0.59158
7	9	18	33.553	0.95002	0.68274
7	9	19	33.545	0.95001	0.77409
7	9	20	33.536	0.94998	0.86607
7	9	21	33.524	0.94994	0.96952
8	0	11	58.056	0.066627	0.046351
8	0	12	58.059	0.066538	0.13643
8	0	13	58.07	0.066622	0.22746
8	0	14	58.076	0.066638	0.31845
8	0	15	58.079	0.066652	0.40945
8	0	16	58.077	0.066654	0.50047
8	0	17	58.073	0.066654	0.59155
8	0	18	58.068	0.066658	0.68271
8	0	19	58.063	0.066659	0.77407
8	0	20	58.059	0.066663	0.86606
8	0	21	58.056	0.066668	0.96952
8	1	11	58.019	0.15546	0.045869
8	1	12	58.021	0.15546	0.1365
8	1	13	58.022	0.15547	0.22747
8	1	14	58.016	0.15548	0.31845
8	1	15	58.01	0.1555	0.40945
8	1	16	58.004	0.15552	0.50049
8	1	17	57.998	0.15553	0.59156
8	1	18	57.992	0.15555	0.68273
8	1	19	57.989	0.15556	0.77409
8	1	20	57.985	0.15557	0.86607
8	1	21	57.98	0.15558	0.96953
8	2	11	57.987	0.25325	0.04571
8	2	12	57.985	0.25323	0.1365
8	2	13	57.98	0.25327	0.22748
8	2	14	57.976	0.25331	0.31847
8	2	15	57.968	0.25332	0.40947
8	2	16	57.958	0.25332	0.50049
8	2	17	57.95	0.25331	0.59157
8	2	18	57.941	0.25331	0.68273
8	2	19	57.931	0.25332	0.77409
8	2	20	57.923	0.25333	0.86607
8	2	21	57.913	0.25333	0.96953
8	3	11	57.981	0.35236	0.045762
8	3	12	57.957	0.35229	0.13653
8	3	13	57.946	0.35234	0.22749
8	3	14	57.936	0.35238	0.31848
8	3	15	57.927	0.35237	0.40947
8	3	16	57.913	0.35234	0.5005
8	3	17	57.902	0.35235	0.59157
8	3	18	57.894	0.35236	0.68273
8	3	19	57.884	0.35237	0.77409
8	3	20	57.869	0.35236	0.86607
8	3	21	57.854	0.35236	0.96953
8	4	11	57.994	0.45186	0.045647
8	4	12	57.973	0.45192	0.13658
8	4	13	57.945	0.45187	0.22751
8	4	14	57.918	0.45188	0.31847
8	4	15	57.892	0.45184	0.40948
8	4	16	57.877	0.45182	0.50049
8	4	17	57.866	0.45182	0.59157
8	4	18	57.843	0.45184	0.68273
8	4	19	57.826	0.45183	0.77408
8	4	20	57.807	0.4518	0.86606
8	4	21	57.786	0.45178	0.96951
8	5	11	57.923	0.55153	0.045594
8	5	12	57.919	0.55141	0.13656
8	5	13	57.927	0.5515	0.22749
8	5	14	57.904	0.55153	0.31849
8	5	15	57.886	0.55154	0.40947
8	5	16	57.855	0.55151	0.5005
8	5	17	57.827	0.5515	0.59156
8	5	18	57.799	0.55148	0.68272
8	5	19	57.777	0.55145	0.77407
8	5	20	57.755	0.55143	0.86605
8	5	21	57.73	0.55142	0.9695
8	6	11	57.922	0.65122	0.045877
8	6	12	57.902	0.65135	0.1365
8	6	13	57.877	0.65138	0.22751
8	6	14	57.865	0.65124	0.31848
8	6	15	57.865	0.65124	0.40946
8	6	16	57.846	0.65128	0.50047
8	6	17	57.811	0.65128	0.59153
8	6	18	57.778	0.65125	0.68268
8	6	19	57.743	0.65123	0.77404
8	6	20	57.706	0.6512	0.86603
8	6	21	57.664	0.65117	0.96947
8	7	11	57.906	0.75114	0.045733
8	7	12	57.88	0.75109	0.13657
8	7	13	57.866	0.75109	0.2275
8	7	14	57.847	0.75108	0.31849
8	7	15	57.8	0.75112	0.40945
8	7	16	57.771	0.75112	0.50048
8	7	17	57.755	0.75114	0.59153
8	7	18	57.737	0.75111	0.68268
8	7	19	57.701	0.75108	0.77402
8	7	20	57.673	0.75103	0.86597
8	7	21	57.62	0.751	0.96944
8	8	11	57.864	0.85107	0.045578
8	8	12	57.837	0.85102	0.13653
8	8	13	57.806	0.85099	0.22747
8	8	14	57.779	0.85102	0.31843
8	8	15	57.772	0.85114	0.40937
8	8	16	57.729	0.85094	0.50046
8	8	17	57.694	0.85093	0.59152
8	8	18	57.648	0.85086	0.68266
8	8	19	57.605	0.85085	0.77401
8	8	20	57.561	0.8509	0.86598
8	8	21	57.508	0.85088	0.96941
8	9	11	57.792	0.95012	0.045448
8	9	12	57.766	0.94997	0.13655
8	9	13	57.726	0.94997	0.22746
8	9	14	57.735	0.94996	0.31849
8	9	15	57.654	0.95007	0.40956
8	9	16	57.646	0.94995	0.5004
8	9	17	57.611	0.94993	0.5915
8	9	18	57.573	0.94991	0.68265
8	9	19	57.528	0.94989	0.77398
8	9	20	57.48	0.94985	0.86594
8	9	21	57.417	0.94973	0.96939
9	0	11	99.565	0.066507	0.04604
9	0	12	99.56	0.066464	0.13645
9	0	13	99.563	0.066499	0.22745
9	0	14	99.561	0.066497	0.31843
9	0	15	99.553	0.066497	0.40943
9	0	16	99.549	0.0665	0.50046
9	0	17	99.55	0.066507	0.59154
9	0	18	99.552	0.066516	0.68271
9	0	19	99.554	0.066519	0.77407
9	0	20	99.551	0.066517	0.86605
9	0	21	99.544	0.06651	0.96951
9	1	11	99.462	0.15531	0.045701
9	1	12	99.453	0.15534	0.13647
9	1	13	99.435	0.15533	0.22744
9	1	14	99.404	0.15532	0.31843
9	1	15	99.384	0.15532	0.40943
9	1	16	99.37	0.15531	0.50046
9	1	17	99.35	0.15529	0.59153
9	1	18	99.32	0.15526	0.68269
9	1	19	99.289	0.15525	0.77405
9	1	20	99.257	0.15523	0.86603
9	1	21	99.221	0.1552	0.96949
9	2	11	99.399	0.25311	0.04559
9	2	12	99.382	0.25316	0.13645
9	2	13	99.324	0.25311	0.22743
9	2	14	99.287	0.25308	0.31842
9	2	15	99.243	0.25307	0.40941
9	2	16	99.195	0.25306	0.50044
9	2	17	99.152	0.25304	0.59151
9	2	18	99.107	0.25302	0.68267
9	2	19	99.058	0.25299	0.77403
9	2	20	99.002	0.25295	0.86601
9	2	21	98.937	0.2529	0.96946
9	3	11	99.307	0.35216	0.045656
9	3	12	99.272	0.3522	0.13645
9	3	13	99.228	0.35212	0.22741
9	3	14	99.169	0.35209	0.31841
9	3	15	99.128	0.35214	0.4094
9	3	16	99.057	0.35212	0.50041
9	3	17	98.979	0.35209	0.59148
9	3	18	98.898	0.35204	0.68264
9	3	19	98.815	0.352	0.77399
9	3	20	98.725	0.35194	0.86597
9	3	21	98.62	0.35187	0.96941
9	4	11	99.276	0.45165	0.045594
9	4	12	99.147	0.45164	0.13644
9	4	13	99.11	0.4516	0.22739
9	4	14	99.041	0.45159	0.31837
9	4	15	98.947	0.45163	0.40937
9	4	16	98.856	0.45157	0.50038
9	4	17	98.754	0.45149	0.59146
9	4	18	98.66	0.45144	0.68262
9	4	19	98.552	0.45142	0.77395
9	4	20	98.42	0.45136	0.86591
9	4	21	98.256	0.45128	0.96934
9	5	11	99.152	0.55127	0.045507
9	5	12	99.136	0.55137	0.1364
9	5	13	99.003	0.55132	0.22737
9	5	14	98.923	0.55127	0.31834
9	5	15	98.789	0.55123	0.40934
9	5	16	98.673	0.55119	0.50036
9	5	17	98.547	0.55112	0.59142
9	5	18	98.401	0.55112	0.68254
9	5	19	98.23	0.55105	0.77388
9	5	20	98.046	0.55094	0.86585
9	5	21	97.816	0.55083	0.96926
9	6	11	99.04	0.65092	0.045541
9	6	12	99.009	0.65116	0.13637
9	6	13	98.903	0.65105	0.22733
9	6	14	98.83	0.65124	0.31831
9	6	15	98.645	0.65102	0.40929
9	6	16	98.499	0.65098	0.50028
9	6	17	98.322	0.65089	0.59134
9	6	18	98.114	0.65085	0.68249
9	6	19	97.887	0.65074	0.77382
9	6	20	97.629	0.65065	0.86575
9	6	21	97.299	0.65052	0.96915
9	7	11	98.981	0.75088	0.045498
9	7	12	98.863	0.75092	0.13637
9	7	13	98.799	0.75088	0.22734
9	7	14	98.633	0.75095	0.31835
9	7	15	98.501	0.75082	0.40918
9	7	16	98.306	0.75082	0.50022
9	7	17	98.078	0.75077	0.59125
9	7	18	97.819	0.75071	0.68239
9	7	19	97.5	0.75055	0.77373
9	7	20	97.167	0.75044	0.86569
9	7	21	96.666	0.75023	0.96901
9	8	11	98.812	0.85085	0.045396
9	8	12	98.77	0.85073	0.13637
9	8	13	98.551	0.85078	0.22737
9	8	14	98.384	0.8508	0.31823
9	8	15	98.222	0.85074	0.40922
9	8	16	98.019	0.85059	0.5002
9	8	17	97.753	0.85045	0.59124
9	8	18	97.444	0.85035	0.68233
9	8	19	97.064	0.85026	0.77363
9	8	20	96.588	0.85016	0.86552
9	8	21	95.893	0.85003	0.96882
9	9	11	98.674	0.94998	0.045297
9	9	12	98.557	0.94981	0.13634
9	9	13	98.399	0.94977	0.22727
9	9	14	98.226	0.94979	0.31824
9	9	15	97.979	0.94975	0.40921
9	9	16	97.749	0.9497	0.50011
9	9	17	97.421	0.94961	0.59113
9	9	18	97.02	0.94953	0.68222
9	9	19	96.517	0.94943	0.77349
9	9	20	95.863	0.94928	0.86536
9	9	21	94.881	0.94901	0.9686
