0	0	11	0.72839	0.067046	0.045528
0	0	12	0.72871	0.067073	0.13641
0	0	13	0.72861	0.067121	0.2275
0	0	14	0.72856	0.067114	0.31842
0	0	15	0.72874	0.067149	0.40946
0	0	16	0.72877	0.067164	0.50049
0	0	17	0.72857	0.067165	0.59158
0	0	18	0.7286	0.067213	0.68273
0	0	19	0.7287	0.067231	0.77407
0	0	20	0.72867	0.067254	0.86606
0	0	21	0.72866	0.067287	0.96949
0	1	11	0.72858	0.15565	0.045627
0	1	12	0.72866	0.15571	0.13645
0	1	13	0.72852	0.15571	0.22748
0	1	14	0.72864	0.15573	0.31847
0	1	15	0.72849	0.15576	0.40951
0	1	16	0.72858	0.15579	0.50053
0	1	17	0.72858	0.15584	0.5916
0	1	18	0.72859	0.15585	0.68275
0	1	19	0.72855	0.15588	0.7741
0	1	20	0.72862	0.15592	0.8661
0	1	21	0.7286	0.15593	0.96953
0	2	11	0.7285	0.2534	0.045773
0	2	12	0.72866	0.25348	0.1364
0	2	13	0.72858	0.25349	0.22754
0	2	14	0.72859	0.25352	0.31855
0	2	15	0.72852	0.25353	0.40949
0	2	16	0.72855	0.25357	0.50053
0	2	17	0.72865	0.25354	0.59157
0	2	18	0.72855	0.25363	0.68274
0	2	19	0.72857	0.25363	0.77412
0	2	20	0.72858	0.25365	0.86611
0	2	21	0.72858	0.25366	0.96957
0	3	11	0.72852	0.35248	0.045978
0	3	12	0.72869	0.35254	0.13634
0	3	13	0.72857	0.35253	0.22755
0	3	14	0.72862	0.35257	0.3185
0	3	15	0.7286	0.35259	0.40951
0	3	16	0.72853	0.3526	0.50054
0	3	17	0.72859	0.35263	0.59163
0	3	18	0.72857	0.35265	0.68279
0	3	19	0.72856	0.35266	0.77414
0	3	20	0.7286	0.35267	0.86613
0	3	21	0.7286	0.35268	0.96958
0	4	11	0.72851	0.45197	0.046179
0	4	12	0.72871	0.45201	0.1363
0	4	13	0.72855	0.45201	0.22757
0	4	14	0.72856	0.45204	0.31855
0	4	15	0.72852	0.45206	0.40956
0	4	16	0.72854	0.45208	0.50057
0	4	17	0.72857	0.4521	0.59163
0	4	18	0.72857	0.45211	0.6828
0	4	19	0.72854	0.45212	0.77416
0	4	20	0.72854	0.45211	0.86615
0	4	21	0.72858	0.45214	0.96959
0	5	11	0.72847	0.55166	0.046408
0	5	12	0.72871	0.55172	0.13627
0	5	13	0.72857	0.55169	0.22758
0	5	14	0.72856	0.55172	0.31857
0	5	15	0.72857	0.55174	0.40956
0	5	16	0.72853	0.55174	0.50059
0	5	17	0.72852	0.55175	0.59165
0	5	18	0.72857	0.55176	0.68281
0	5	19	0.72857	0.55177	0.77417
0	5	20	0.72859	0.55177	0.86614
0	5	21	0.7286	0.5518	0.9696
0	6	11	0.7285	0.65143	0.046585
0	6	12	0.72867	0.65146	0.13627
0	6	13	0.72859	0.65148	0.2276
0	6	14	0.72862	0.65149	0.31858
0	6	15	0.72858	0.65151	0.40956
0	6	16	0.72856	0.65151	0.50058
0	6	17	0.72857	0.65152	0.59166
0	6	18	0.72859	0.65153	0.68281
0	6	19	0.72856	0.65152	0.77417
0	6	20	0.72859	0.65155	0.86614
0	6	21	0.72856	0.65155	0.96961
0	7	11	0.72854	0.75131	0.046695
0	7	12	0.72863	0.75131	0.1363
0	7	13	0.72856	0.75134	0.2276
0	7	14	0.72856	0.75132	0.31857
0	7	15	0.72857	0.75134	0.40957
0	7	16	0.72858	0.75133	0.50059
0	7	17	0.72856	0.75134	0.59166
0	7	18	0.72858	0.75134	0.68281
0	7	19	0.72859	0.75134	0.77417
0	7	20	0.7286	0.75137	0.86616
0	7	21	0.72857	0.75135	0.96961
0	8	11	0.7286	0.85132	0.046726
0	8	12	0.72856	0.8513	0.13635
0	8	13	0.72861	0.85129	0.2276
0	8	14	0.72862	0.85127	0.31859
0	8	15	0.7286	0.85123	0.40957
0	8	16	0.72858	0.85122	0.50059
0	8	17	0.7286	0.85123	0.59165
0	8	18	0.72863	0.85121	0.68282
0	8	19	0.7286	0.85122	0.77417
0	8	20	0.72859	0.85122	0.86615
0	8	21	0.72861	0.85121	0.96961
0	9	11	0.72856	0.95017	0.046166
0	9	12	0.72854	0.94947	0.13649
0	9	13	0.72854	0.94962	0.22763
0	9	14	0.72852	0.94973	0.31859
0	9	15	0.7285	0.94981	0.40958
0	9	16	0.72852	0.94993	0.5006
0	9	17	0.72853	0.95	0.59166
0	9	18	0.7285	0.95006	0.68281
0	9	19	0.7285	0.95013	0.77417
0	9	20	0.72852	0.95017	0.86615
0	9	21	0.72853	0.9502	0.9696
1	0	11	1.2605	0.066781	0.045549
1	0	12	1.2605	0.066818	0.13645
1	0	13	1.2606	0.066815	0.22746
1	0	14	1.2606	0.06686	0.31846
1	0	15	1.2607	0.066878	0.40946
1	0	16	1.2606	0.066899	0.50049
1	0	17	1.2607	0.066926	0.59156
1	0	18	1.2606	0.066938	0.68273
1	0	19	1.2606	0.066968	0.77409
1	0	20	1.2606	0.066992	0.86608
1	0	21	1.2607	0.067018	0.96952
1	1	11	1.2604	0.15559	0.045791
1	1	12	1.2607	0.15566	0.13636
1	1	13	1.2605	0.15564	0.2275
1	1	14	1.2604	0.15568	0.31848
1	1	15	1.2605	0.15573	0.40948
1	1	16	1.2605	0.15574	0.50051
1	1	17	1.2605	0.15578	0.59159
1	1	18	1.2605	0.1558	0.68275
1	1	19	1.2605	0.15582	0.7741
1	1	20	1.2606	0.15586	0.86609
1	1	21	1.2605	0.15589	0.96955
1	2	11	1.2603	0.25338	0.046125
1	2	12	1.2607	0.25346	0.13626
1	2	13	1.2604	0.25346	0.22753
1	2	14	1.2605	0.25349	0.31851
1	2	15	1.2604	0.25353	0.40951
1	2	16	1.2604	0.25354	0.50054
1	2	17	1.2605	0.25356	0.59161
1	2	18	1.2605	0.25359	0.68276
1	2	19	1.2604	0.25361	0.77413
1	2	20	1.2604	0.25363	0.86611
1	2	21	1.2605	0.25365	0.96957
1	3	11	1.2603	0.35246	0.046454
1	3	12	1.2606	0.35252	0.13619
1	3	13	1.2605	0.35253	0.22754
1	3	14	1.2604	0.35256	0.31853
1	3	15	1.2604	0.35258	0.40953
1	3	16	1.2604	0.35259	0.50055
1	3	17	1.2604	0.35262	0.59162
1	3	18	1.2604	0.35264	0.68279
1	3	19	1.2604	0.35265	0.77414
1	3	20	1.2604	0.35267	0.86613
1	3	21	1.2604	0.35268	0.96959
1	4	11	1.2604	0.45197	0.04673
1	4	12	1.2606	0.452	0.13618
1	4	13	1.2605	0.45202	0.22757
1	4	14	1.2605	0.45204	0.31855
1	4	15	1.2604	0.45206	0.40955
1	4	16	1.2604	0.45208	0.50057
1	4	17	1.2604	0.45209	0.59164
1	4	18	1.2605	0.4521	0.6828
1	4	19	1.2604	0.45212	0.77416
1	4	20	1.2604	0.45213	0.86614
1	4	21	1.2605	0.45214	0.9696
1	5	11	1.2606	0.55168	0.046945
1	5	12	1.2605	0.55171	0.13621
1	5	13	1.2605	0.55172	0.22758
1	5	14	1.2605	0.55173	0.31856
1	5	15	1.2605	0.55173	0.40956
1	5	16	1.2605	0.55175	0.50058
1	5	17	1.2605	0.55175	0.59165
1	5	18	1.2605	0.55176	0.68281
1	5	19	1.2605	0.55177	0.77417
1	5	20	1.2605	0.55178	0.86615
1	5	21	1.2605	0.55178	0.96961
1	6	11	1.2606	0.65144	0.0471
1	6	12	1.2604	0.65144	0.13627
1	6	13	1.2605	0.65148	0.22759
1	6	14	1.2605	0.65149	0.31858
1	6	15	1.2605	0.65151	0.40957
1	6	16	1.2605	0.65153	0.50059
1	6	17	1.2605	0.65154	0.59166
1	6	18	1.2605	0.65154	0.68281
1	6	19	1.2605	0.65155	0.77417
1	6	20	1.2605	0.65155	0.86615
1	6	21	1.2605	0.65155	0.96961
1	7	11	1.2607	0.75132	0.047113
1	7	12	1.2603	0.75129	0.13636
1	7	13	1.2605	0.75132	0.2276
1	7	14	1.2605	0.75133	0.31859
1	7	15	1.2605	0.75133	0.40958
1	7	16	1.2605	0.75134	0.5006
1	7	17	1.2605	0.75134	0.59166
1	7	18	1.2605	0.75134	0.68282
1	7	19	1.2605	0.75134	0.77417
1	7	20	1.2605	0.75135	0.86615
1	7	21	1.2605	0.75135	0.96961
1	8	11	1.2605	0.8513	0.047013
1	8	12	1.2602	0.85124	0.13644
1	8	13	1.2604	0.85126	0.22761
1	8	14	1.2604	0.85126	0.31858
1	8	15	1.2605	0.85125	0.40957
1	8	16	1.2605	0.85124	0.50059
1	8	17	1.2605	0.85123	0.59166
1	8	18	1.2605	0.85123	0.68282
1	8	19	1.2605	0.85122	0.77417
1	8	20	1.2605	0.85122	0.86615
1	8	21	1.2605	0.85122	0.96961
1	9	11	1.2605	0.94979	0.046344
1	9	12	1.2604	0.94919	0.13655
1	9	13	1.2605	0.9493	0.22762
1	9	14	1.2605	0.9494	0.31859
1	9	15	1.2605	0.94949	0.40958
1	9	16	1.2604	0.94958	0.5006
1	9	17	1.2604	0.94965	0.59166
1	9	18	1.2604	0.94972	0.68282
1	9	19	1.2604	0.94977	0.77417
1	9	20	1.2604	0.94982	0.86615
1	9	21	1.2604	0.94987	0.96961
2	0	11	2.1801	0.066691	0.045667
2	0	12	2.1804	0.066781	0.13638
2	0	13	2.1802	0.06676	0.22747
2	0	14	2.1801	0.066783	0.31846
2	0	15	2.1802	0.066808	0.40946
2	0	16	2.1802	0.066833	0.50048
2	0	17	2.1802	0.066855	0.59156
2	0	18	2.1802	0.066884	0.68273
2	0	19	2.1801	0.066899	0.77408
2	0	20	2.1801	0.066925	0.86607
2	0	21	2.1801	0.066946	0.96953
2	1	11	2.18	0.15557	0.046144
2	1	12	2.1806	0.15569	0.1362
2	1	13	2.1801	0.15567	0.22749
2	1	14	2.18	0.15569	0.31848
2	1	15	2.18	0.15572	0.40948
2	1	16	2.18	0.15575	0.50051
2	1	17	2.18	0.15578	0.59159
2	1	18	2.18	0.15581	0.68275
2	1	19	2.1799	0.15583	0.77411
2	1	20	2.18	0.15586	0.8661
2	1	21	2.18	0.15589	0.96955
2	2	11	2.1801	0.2534	0.046657
2	2	12	2.1805	0.25345	0.13612
2	2	13	2.1802	0.25347	0.22752
2	2	14	2.1801	0.2535	0.3185
2	2	15	2.18	0.25352	0.40951
2	2	16	2.18	0.25354	0.50054
2	2	17	2.18	0.25357	0.59161
2	2	18	2.18	0.25359	0.68277
2	2	19	2.18	0.25361	0.77413
2	2	20	2.18	0.25363	0.86611
2	2	21	2.1801	0.25366	0.96958
2	3	11	2.1805	0.35249	0.046977
2	3	12	2.1802	0.35249	0.13616
2	3	13	2.1803	0.35254	0.22754
2	3	14	2.1803	0.35256	0.31853
2	3	15	2.1802	0.35258	0.40953
2	3	16	2.1802	0.3526	0.50055
2	3	17	2.1802	0.35262	0.59163
2	3	18	2.1802	0.35264	0.68279
2	3	19	2.1802	0.35266	0.77415
2	3	20	2.1802	0.35267	0.86613
2	3	21	2.1802	0.35268	0.96959
2	4	11	2.1807	0.45198	0.047121
2	4	12	2.1799	0.45197	0.13624
2	4	13	2.1803	0.45202	0.22756
2	4	14	2.1803	0.45204	0.31854
2	4	15	2.1803	0.45206	0.40954
2	4	16	2.1803	0.45207	0.50057
2	4	17	2.1803	0.45209	0.59164
2	4	18	2.1803	0.4521	0.6828
2	4	19	2.1803	0.45211	0.77416
2	4	20	2.1802	0.45212	0.86614
2	4	21	2.1803	0.45213	0.9696
2	5	11	2.1809	0.55169	0.047173
2	5	12	2.1798	0.55169	0.13633
2	5	13	2.1803	0.55172	0.22758
2	5	14	2.1803	0.55173	0.31856
2	5	15	2.1803	0.55173	0.40956
2	5	16	2.1803	0.55174	0.50058
2	5	17	2.1803	0.55175	0.59165
2	5	18	2.1803	0.55176	0.68281
2	5	19	2.1803	0.55177	0.77417
2	5	20	2.1803	0.55177	0.86615
2	5	21	2.1803	0.55178	0.96961
2	6	11	2.1809	0.65144	0.047206
2	6	12	2.1798	0.65145	0.13641
2	6	13	2.1803	0.65148	0.2276
2	6	14	2.1803	0.6515	0.31857
2	6	15	2.1803	0.65151	0.40957
2	6	16	2.1803	0.65153	0.50059
2	6	17	2.1803	0.65155	0.59165
2	6	18	2.1803	0.65155	0.68281
2	6	19	2.1802	0.65155	0.77417
2	6	20	2.1802	0.65155	0.86615
2	6	21	2.1802	0.65154	0.96961
2	7	11	2.1807	0.75131	0.047095
2	7	12	2.1799	0.75128	0.1365
2	7	13	2.1803	0.75132	0.2276
2	7	14	2.1803	0.75133	0.31858
2	7	15	2.1803	0.75133	0.40958
2	7	16	2.1803	0.75134	0.50059
2	7	17	2.1803	0.75134	0.59166
2	7	18	2.1803	0.75134	0.68282
2	7	19	2.1803	0.75135	0.77417
2	7	20	2.1803	0.75135	0.86615
2	7	21	2.1802	0.75135	0.96961
2	8	11	2.1804	0.85124	0.046882
2	8	12	2.1798	0.85121	0.13657
2	8	13	2.1802	0.85123	0.22761
2	8	14	2.1802	0.85123	0.31859
2	8	15	2.1802	0.85123	0.40958
2	8	16	2.1802	0.85123	0.50059
2	8	17	2.1802	0.85123	0.59166
2	8	18	2.1802	0.85122	0.68282
2	8	19	2.1802	0.85122	0.77417
2	8	20	2.1802	0.85122	0.86615
2	8	21	2.1803	0.85122	0.96961
2	9	11	2.1802	0.94984	0.046293
2	9	12	2.1803	0.94941	0.13661
2	9	13	2.1804	0.94946	0.22761
2	9	14	2.1804	0.9495	0.31858
2	9	15	2.1804	0.94955	0.40957
2	9	16	2.1803	0.9496	0.50059
2	9	17	2.1803	0.94965	0.59166
2	9	18	2.1803	0.9497	0.68281
2	9	19	2.1803	0.94974	0.77417
2	9	20	2.1803	0.94978	0.86615
2	9	21	2.1802	0.94981	0.96961
3	0	11	3.7725	0.066643	0.045914
3	0	12	3.7734	0.066783	0.13626
3	0	13	3.7726	0.066716	0.22746
3	0	14	3.7725	0.066745	0.31845
3	0	15	3.7725	0.066772	0.40946
3	0	16	3.7724	0.066793	0.50048
3	0	17	3.7724	0.066818	0.59156
3	0	18	3.7725	0.066848	0.68272
3	0	19	3.7724	0.066867	0.77409
3	0	20	3.7724	0.066892	0.86607
3	0	21	3.7724	0.066919	0.96953
3	1	11	3.7725	0.15559	0.046676
3	1	12	3.7727	0.15564	0.13608
3	1	13	3.7723	0.15566	0.22749
3	1	14	3.7722	0.15569	0.31848
3	1	15	3.7721	0.15572	0.40948
3	1	16	3.7722	0.15575	0.50051
3	1	17	3.7723	0.15578	0.59159
3	1	18	3.7723	0.15581	0.68275
3	1	19	3.7723	0.15583	0.77411
3	1	20	3.7723	0.15585	0.86609
3	1	21	3.7723	0.15587	0.96955
3	2	11	3.7725	0.25343	0.047074
3	2	12	3.771	0.25339	0.13616
3	2	13	3.7717	0.25347	0.22752
3	2	14	3.7717	0.2535	0.3185
3	2	15	3.7718	0.25352	0.40951
3	2	16	3.7719	0.25354	0.50053
3	2	17	3.7718	0.25356	0.59161
3	2	18	3.7717	0.25358	0.68277
3	2	19	3.7717	0.25361	0.77413
3	2	20	3.7717	0.25363	0.86612
3	2	21	3.7717	0.25365	0.96957
3	3	11	3.7725	0.3525	0.047138
3	3	12	3.7706	0.35247	0.1363
3	3	13	3.7716	0.35253	0.22754
3	3	14	3.7716	0.35256	0.31853
3	3	15	3.7716	0.35258	0.40952
3	3	16	3.7715	0.3526	0.50055
3	3	17	3.7715	0.35262	0.59162
3	3	18	3.7716	0.35264	0.68279
3	3	19	3.7716	0.35265	0.77414
3	3	20	3.7715	0.35266	0.86613
3	3	21	3.7714	0.35268	0.96959
3	4	11	3.7724	0.45199	0.047078
3	4	12	3.7707	0.45197	0.13643
3	4	13	3.7717	0.45202	0.22757
3	4	14	3.7717	0.45204	0.31854
3	4	15	3.7716	0.45206	0.40954
3	4	16	3.7716	0.45208	0.50057
3	4	17	3.7716	0.45209	0.59164
3	4	18	3.7715	0.4521	0.6828
3	4	19	3.7715	0.45211	0.77416
3	4	20	3.7715	0.45212	0.86614
3	4	21	3.7715	0.45213	0.9696
3	5	11	3.7722	0.55169	0.046973
3	5	12	3.7709	0.5517	0.13651
3	5	13	3.7716	0.55171	0.22758
3	5	14	3.7716	0.55172	0.31856
3	5	15	3.7716	0.55173	0.40956
3	5	16	3.7716	0.55174	0.50058
3	5	17	3.7716	0.55175	0.59165
3	5	18	3.7716	0.55176	0.68281
3	5	19	3.7716	0.55176	0.77416
3	5	20	3.7715	0.55177	0.86615
3	5	21	3.7715	0.55178	0.9696
3	6	11	3.7719	0.65142	0.046908
3	6	12	3.7712	0.65146	0.13657
3	6	13	3.7716	0.65149	0.22759
3	6	14	3.7716	0.6515	0.31857
3	6	15	3.7715	0.65152	0.40956
3	6	16	3.7715	0.65153	0.50059
3	6	17	3.7715	0.65154	0.59165
3	6	18	3.7714	0.65154	0.68281
3	6	19	3.7715	0.65154	0.77417
3	6	20	3.7714	0.65154	0.86615
3	6	21	3.7714	0.65154	0.96961
3	7	11	3.7715	0.75129	0.04671
3	7	12	3.7712	0.75129	0.13661
3	7	13	3.7714	0.75131	0.22761
3	7	14	3.7715	0.75132	0.31858
3	7	15	3.7714	0.75133	0.40957
3	7	16	3.7714	0.75133	0.50059
3	7	17	3.7714	0.75134	0.59166
3	7	18	3.7714	0.75134	0.68282
3	7	19	3.7713	0.75135	0.77417
3	7	20	3.7713	0.75135	0.86615
3	7	21	3.7713	0.75135	0.96961
3	8	11	3.7714	0.8512	0.046476
3	8	12	3.7712	0.8512	0.13664
3	8	13	3.7712	0.8512	0.22762
3	8	14	3.7712	0.85121	0.31859
3	8	15	3.7712	0.85121	0.40958
3	8	16	3.7712	0.85121	0.5006
3	8	17	3.7712	0.85121	0.59166
3	8	18	3.7711	0.85121	0.68282
3	8	19	3.7711	0.85121	0.77417
3	8	20	3.7711	0.85121	0.86615
3	8	21	3.7711	0.85121	0.96961
3	9	11	3.7709	0.95005	0.046053
3	9	12	3.7713	0.94976	0.13664
3	9	13	3.7713	0.94977	0.22761
3	9	14	3.7713	0.94978	0.31858
3	9	15	3.7713	0.94979	0.40957
3	9	16	3.7712	0.9498	0.50059
3	9	17	3.7712	0.94983	0.59166
3	9	18	3.7712	0.94985	0.68281
3	9	19	3.7711	0.94987	0.77417
3	9	20	3.7711	0.94989	0.86615
3	9	21	3.7711	0.9499	0.9696
4	0	11	6.5237	0.066639	0.046353
4	0	12	6.5249	0.066797	0.13612
4	0	13	6.5235	0.066719	0.22746
4	0	14	6.523	0.066739	0.31845
4	0	15	6.5227	0.066764	0.40945
4	0	16	6.5225	0.066788	0.50048
4	0	17	6.5223	0.066812	0.59156
4	0	18	6.5221	0.066833	0.68272
4	0	19	6.522	0.066857	0.77409
4	0	20	6.5219	0.066879	0.86607
4	0	21	6.5217	0.066904	0.96953
4	1	11	6.5258	0.15566	0.047044
4	1	12	6.5228	0.15558	0.13613
4	1	13	6.5236	0.15568	0.22748
4	1	14	6.523	0.15571	0.31847
4	1	15	6.5227	0.15574	0.40948
4	1	16	6.5227	0.15576	0.50051
4	1	17	6.5228	0.1558	0.59158
4	1	18	6.523	0.15583	0.68275
4	1	19	6.5233	0.15586	0.77411
4	1	20	6.5235	0.15588	0.8661
4	1	21	6.5235	0.1559	0.96956
4	2	11	6.5247	0.25344	0.047048
4	2	12	6.5207	0.25338	0.13634
4	2	13	6.5223	0.25346	0.22752
4	2	14	6.522	0.25349	0.3185
4	2	15	6.5219	0.25352	0.40951
4	2	16	6.5223	0.25354	0.50054
4	2	17	6.5226	0.25356	0.59161
4	2	18	6.5224	0.25358	0.68277
4	2	19	6.5221	0.2536	0.77413
4	2	20	6.5218	0.25362	0.86611
4	2	21	6.5219	0.25365	0.96958
4	3	11	6.5231	0.3525	0.046831
4	3	12	6.5203	0.35249	0.13648
4	3	13	6.5214	0.35254	0.22754
4	3	14	6.5214	0.35256	0.31853
4	3	15	6.5215	0.35259	0.40953
4	3	16	6.5214	0.3526	0.50055
4	3	17	6.5213	0.35262	0.59162
4	3	18	6.5212	0.35264	0.68279
4	3	19	6.5214	0.35266	0.77415
4	3	20	6.5215	0.35267	0.86613
4	3	21	6.5213	0.35268	0.96959
4	4	11	6.5233	0.45197	0.046616
4	4	12	6.5219	0.45199	0.13656
4	4	13	6.5223	0.45202	0.22756
4	4	14	6.5223	0.45204	0.31855
4	4	15	6.5222	0.45206	0.40954
4	4	16	6.5221	0.45207	0.50057
4	4	17	6.5221	0.45209	0.59164
4	4	18	6.5222	0.4521	0.6828
4	4	19	6.5221	0.45211	0.77415
4	4	20	6.5219	0.45212	0.86614
4	4	21	6.5219	0.45214	0.9696
4	5	11	6.5238	0.55169	0.046492
4	5	12	6.5233	0.5517	0.13659
4	5	13	6.5233	0.5517	0.22758
4	5	14	6.5234	0.55171	0.31856
4	5	15	6.5232	0.55173	0.40956
4	5	16	6.5231	0.55174	0.50058
4	5	17	6.5231	0.55175	0.59165
4	5	18	6.523	0.55176	0.68281
4	5	19	6.5229	0.55177	0.77416
4	5	20	6.5229	0.55177	0.86614
4	5	21	6.5228	0.55178	0.9696
4	6	11	6.5246	0.65139	0.04652
4	6	12	6.5243	0.65147	0.13661
4	6	13	6.5241	0.65152	0.22759
4	6	14	6.5237	0.65153	0.31857
4	6	15	6.5235	0.65153	0.40956
4	6	16	6.5235	0.65152	0.50058
4	6	17	6.5234	0.65152	0.59165
4	6	18	6.5234	0.65152	0.68281
4	6	19	6.5233	0.65152	0.77417
4	6	20	6.5232	0.65152	0.86615
4	6	21	6.5232	0.65152	0.96961
4	7	11	6.5236	0.75128	0.046328
4	7	12	6.5235	0.75128	0.13663
4	7	13	6.5238	0.75129	0.22761
4	7	14	6.5239	0.75129	0.31858
4	7	15	6.5239	0.75131	0.40958
4	7	16	6.5238	0.75134	0.50059
4	7	17	6.5236	0.75136	0.59166
4	7	18	6.5233	0.75137	0.68281
4	7	19	6.5231	0.75137	0.77416
4	7	20	6.5229	0.75137	0.86614
4	7	21	6.5227	0.75136	0.9696
4	8	11	6.5233	0.85119	0.04614
4	8	12	6.5233	0.8512	0.13664
4	8	13	6.5233	0.8512	0.22761
4	8	14	6.5232	0.8512	0.31858
4	8	15	6.5232	0.85119	0.40957
4	8	16	6.5232	0.85119	0.5006
4	8	17	6.5232	0.85118	0.59166
4	8	18	6.5234	0.85118	0.68282
4	8	19	6.5234	0.85118	0.77417
4	8	20	6.5234	0.85119	0.86615
4	8	21	6.5233	0.85121	0.96961
4	9	11	6.5238	0.9502	0.045841
4	9	12	6.5246	0.95	0.13665
4	9	13	6.5245	0.95001	0.22761
4	9	14	6.5244	0.95002	0.31858
4	9	15	6.5243	0.95002	0.40957
4	9	16	6.5242	0.95003	0.50059
4	9	17	6.5241	0.95004	0.59165
4	9	18	6.5241	0.95005	0.68281
4	9	19	6.524	0.95005	0.77417
4	9	20	6.5239	0.95005	0.86615
4	9	21	6.524	0.95003	0.9696
5	0	11	11.267	0.066719	0.046781
5	0	12	11.266	0.066749	0.13608
5	0	13	11.266	0.066756	0.22746
5	0	14	11.265	0.066776	0.31845
5	0	15	11.265	0.066797	0.40945
5	0	16	11.265	0.066818	0.50048
5	0	17	11.264	0.066839	0.59156
5	0	18	11.264	0.06686	0.68272
5	0	19	11.264	0.066881	0.77408
5	0	20	11.263	0.066902	0.86607
5	0	21	11.263	0.066924	0.96953
5	1	11	11.279	0.15571	0.046974
5	1	12	11.273	0.1556	0.13632
5	1	13	11.276	0.15572	0.22749
5	1	14	11.275	0.15575	0.31848
5	1	15	11.275	0.15578	0.40948
5	1	16	11.274	0.15581	0.50051
5	1	17	11.274	0.15584	0.59158
5	1	18	11.274	0.15586	0.68275
5	1	19	11.274	0.15589	0.77411
5	1	20	11.275	0.15591	0.8661
5	1	21	11.275	0.15594	0.96956
5	2	11	11.284	0.25341	0.046611
5	2	12	11.281	0.25342	0.13649
5	2	13	11.282	0.25346	0.22752
5	2	14	11.281	0.25349	0.3185
5	2	15	11.281	0.25352	0.4095
5	2	16	11.281	0.25354	0.50053
5	2	17	11.282	0.25357	0.59161
5	2	18	11.282	0.25359	0.68277
5	2	19	11.281	0.25361	0.77413
5	2	20	11.281	0.25362	0.86611
5	2	21	11.281	0.25364	0.96957
5	3	11	11.284	0.35245	0.0464
5	3	12	11.283	0.35248	0.13655
5	3	13	11.283	0.35252	0.22754
5	3	14	11.283	0.35254	0.31852
5	3	15	11.283	0.35256	0.40952
5	3	16	11.283	0.35258	0.50055
5	3	17	11.282	0.3526	0.59162
5	3	18	11.282	0.35262	0.68278
5	3	19	11.282	0.35263	0.77414
5	3	20	11.282	0.35264	0.86613
5	3	21	11.282	0.35266	0.96959
5	4	11	11.284	0.45196	0.046243
5	4	12	11.283	0.45198	0.13659
5	4	13	11.283	0.452	0.22756
5	4	14	11.282	0.45202	0.31854
5	4	15	11.282	0.45204	0.40954
5	4	16	11.282	0.45205	0.50056
5	4	17	11.282	0.45207	0.59164
5	4	18	11.282	0.45208	0.6828
5	4	19	11.282	0.45209	0.77415
5	4	20	11.281	0.4521	0.86614
5	4	21	11.281	0.45211	0.9696
5	5	11	11.283	0.55169	0.046094
5	5	12	11.282	0.55168	0.13661
5	5	13	11.282	0.55169	0.22758
5	5	14	11.281	0.5517	0.31856
5	5	15	11.281	0.55171	0.40955
5	5	16	11.281	0.55172	0.50058
5	5	17	11.281	0.55173	0.59165
5	5	18	11.281	0.55174	0.6828
5	5	19	11.28	0.55174	0.77416
5	5	20	11.28	0.55175	0.86614
5	5	21	11.28	0.55176	0.9696
5	6	11	11.281	0.65136	0.04611
5	6	12	11.282	0.65145	0.13662
5	6	13	11.282	0.65153	0.22758
5	6	14	11.281	0.65154	0.31856
5	6	15	11.28	0.65153	0.40956
5	6	16	11.28	0.65152	0.50058
5	6	17	11.279	0.65151	0.59165
5	6	18	11.279	0.65151	0.68281
5	6	19	11.279	0.65151	0.77416
5	6	20	11.279	0.65151	0.86615
5	6	21	11.279	0.65152	0.9696
5	7	11	11.281	0.75128	0.046004
5	7	12	11.281	0.75128	0.13664
5	7	13	11.281	0.75128	0.22761
5	7	14	11.281	0.75128	0.31858
5	7	15	11.282	0.75129	0.40957
5	7	16	11.282	0.75133	0.50059
5	7	17	11.281	0.75137	0.59165
5	7	18	11.28	0.75138	0.6828
5	7	19	11.28	0.75138	0.77416
5	7	20	11.279	0.75137	0.86614
5	7	21	11.278	0.75135	0.9696
5	8	11	11.281	0.85119	0.045913
5	8	12	11.281	0.8512	0.13664
5	8	13	11.281	0.8512	0.22761
5	8	14	11.281	0.85119	0.31858
5	8	15	11.28	0.85119	0.40957
5	8	16	11.28	0.85119	0.50059
5	8	17	11.28	0.85118	0.59166
5	8	18	11.28	0.85116	0.68282
5	8	19	11.281	0.85116	0.77417
5	8	20	11.281	0.85117	0.86615
5	8	21	11.281	0.85119	0.9696
5	9	11	11.28	0.95023	0.045698
5	9	12	11.28	0.95006	0.13664
5	9	13	11.28	0.95007	0.2276
5	9	14	11.279	0.95008	0.31857
5	9	15	11.279	0.9501	0.40956
5	9	16	11.279	0.9501	0.50058
5	9	17	11.279	0.95011	0.59165
5	9	18	11.278	0.95012	0.68281
5	9	19	11.277	0.95013	0.77416
5	9	20	11.277	0.95013	0.86614
5	9	21	11.277	0.95011	0.9696
6	0	11	19.516	0.06675	0.04693
6	0	12	19.508	0.066616	0.13619
6	0	13	19.512	0.066726	0.22746
6	0	14	19.512	0.066747	0.31845
6	0	15	19.512	0.066768	0.40945
6	0	16	19.512	0.06679	0.50048
6	0	17	19.512	0.066814	0.59156
6	0	18	19.513	0.066839	0.68272
6	0	19	19.513	0.066861	0.77409
6	0	20	19.513	0.06688	0.86607
6	0	21	19.513	0.0669	0.96953
6	1	11	19.518	0.15559	0.046559
6	1	12	19.515	0.15558	0.13647
6	1	13	19.517	0.15564	0.22749
6	1	14	19.518	0.15568	0.31848
6	1	15	19.518	0.1557	0.40948
6	1	16	19.518	0.15572	0.50051
6	1	17	19.518	0.15574	0.59158
6	1	18	19.517	0.15577	0.68274
6	1	19	19.517	0.1558	0.77411
6	1	20	19.518	0.15583	0.86609
6	1	21	19.518	0.15586	0.96955
6	2	11	19.516	0.25337	0.046214
6	2	12	19.515	0.2534	0.13653
6	2	13	19.517	0.25343	0.22752
6	2	14	19.518	0.25345	0.3185
6	2	15	19.517	0.25348	0.4095
6	2	16	19.516	0.25351	0.50053
6	2	17	19.517	0.25354	0.5916
6	2	18	19.517	0.25355	0.68277
6	2	19	19.517	0.25357	0.77413
6	2	20	19.517	0.25359	0.86611
6	2	21	19.517	0.25361	0.96957
6	3	11	19.511	0.35246	0.04596
6	3	12	19.512	0.3525	0.13656
6	3	13	19.512	0.35251	0.22754
6	3	14	19.511	0.35253	0.31852
6	3	15	19.511	0.35256	0.40952
6	3	16	19.511	0.35257	0.50055
6	3	17	19.511	0.35258	0.59162
6	3	18	19.511	0.3526	0.68278
6	3	19	19.511	0.35262	0.77414
6	3	20	19.511	0.35263	0.86612
6	3	21	19.511	0.35265	0.96959
6	4	11	19.508	0.45197	0.045879
6	4	12	19.507	0.45196	0.1366
6	4	13	19.511	0.452	0.22756
6	4	14	19.511	0.45204	0.31854
6	4	15	19.511	0.45205	0.40954
6	4	16	19.509	0.45206	0.50056
6	4	17	19.509	0.45207	0.59163
6	4	18	19.509	0.45208	0.68279
6	4	19	19.509	0.4521	0.77415
6	4	20	19.509	0.4521	0.86613
6	4	21	19.509	0.45211	0.96959
6	5	11	19.511	0.55166	0.045994
6	5	12	19.513	0.55169	0.1366
6	5	13	19.508	0.55171	0.22757
6	5	14	19.507	0.55169	0.31856
6	5	15	19.508	0.55169	0.40956
6	5	16	19.51	0.55172	0.50057
6	5	17	19.51	0.55173	0.59164
6	5	18	19.509	0.55174	0.6828
6	5	19	19.509	0.55174	0.77416
6	5	20	19.508	0.55175	0.86614
6	5	21	19.508	0.55175	0.9696
6	6	11	19.506	0.65139	0.046049
6	6	12	19.507	0.65145	0.13661
6	6	13	19.509	0.65147	0.22758
6	6	14	19.512	0.6515	0.31856
6	6	15	19.511	0.65152	0.40955
6	6	16	19.508	0.65152	0.50058
6	6	17	19.507	0.65149	0.59165
6	6	18	19.507	0.65149	0.68281
6	6	19	19.508	0.6515	0.77416
6	6	20	19.508	0.6515	0.86614
6	6	21	19.507	0.65151	0.9696
6	7	11	19.506	0.75128	0.045925
6	7	12	19.507	0.75127	0.13664
6	7	13	19.506	0.75126	0.22761
6	7	14	19.504	0.75129	0.31858
6	7	15	19.503	0.75131	0.40956
6	7	16	19.504	0.75132	0.50059
6	7	17	19.505	0.75133	0.59165
6	7	18	19.506	0.75133	0.6828
6	7	19	19.506	0.75134	0.77416
6	7	20	19.506	0.75134	0.86614
6	7	21	19.506	0.75133	0.9696
6	8	11	19.506	0.85119	0.045824
6	8	12	19.507	0.85119	0.13663
6	8	13	19.506	0.8512	0.2276
6	8	14	19.505	0.85119	0.31857
6	8	15	19.505	0.85118	0.40957
6	8	16	19.504	0.85117	0.50059
6	8	17	19.503	0.85117	0.59165
6	8	18	19.502	0.85117	0.68281
6	8	19	19.5	0.85119	0.77416
6	8	20	19.499	0.8512	0.86614
6	8	21	19.499	0.85119	0.96959
6	9	11	19.506	0.95026	0.045634
6	9	12	19.504	0.95009	0.13664
6	9	13	19.504	0.95009	0.2276
6	9	14	19.504	0.9501	0.31857
6	9	15	19.503	0.95011	0.40956
6	9	16	19.502	0.95011	0.50057
6	9	17	19.502	0.95011	0.59165
6	9	18	19.502	0.95011	0.68281
6	9	19	19.502	0.9501	0.77416
6	9	20	19.502	0.95009	0.86614
6	9	21	19.501	0.95006	0.9696
7	0	11	33.754	0.06673	0.046714
7	0	12	33.74	0.066556	0.13634
7	0	13	33.739	0.066677	0.22746
7	0	14	33.735	0.066697	0.31845
7	0	15	33.732	0.066717	0.40945
7	0	16	33.729	0.066737	0.50048
7	0	17	33.725	0.066756	0.59156
7	0	18	33.722	0.066776	0.68272
7	0	19	33.721	0.066795	0.77408
7	0	20	33.72	0.066814	0.86607
7	0	21	33.716	0.066834	0.96952
7	1	11	33.725	0.15558	0.046141
7	1	12	33.718	0.1556	0.1365
7	1	13	33.711	0.15563	0.22748
7	1	14	33.707	0.15566	0.31847
7	1	15	33.705	0.15569	0.40947
7	1	16	33.706	0.15573	0.50051
7	1	17	33.707	0.15577	0.59158
7	1	18	33.709	0.1558	0.68274
7	1	19	33.709	0.15581	0.7741
7	1	20	33.708	0.15582	0.86609
7	1	21	33.704	0.15582	0.96955
7	2	11	33.72	0.25338	0.045858
7	2	12	33.714	0.25339	0.13654
7	2	13	33.712	0.25343	0.22751
7	2	14	33.713	0.25348	0.3185
7	2	15	33.713	0.25351	0.4095
7	2	16	33.714	0.25351	0.50053
7	2	17	33.712	0.25352	0.5916
7	2	18	33.709	0.25355	0.68276
7	2	19	33.708	0.25358	0.77412
7	2	20	33.707	0.2536	0.86611
7	2	21	33.707	0.25361	0.96957
7	3	11	33.712	0.35244	0.045877
7	3	12	33.703	0.35244	0.13656
7	3	13	33.702	0.35249	0.22753
7	3	14	33.701	0.35253	0.31852
7	3	15	33.699	0.35253	0.40952
7	3	16	33.698	0.35253	0.50054
7	3	17	33.698	0.35255	0.59162
7	3	18	33.699	0.35257	0.68278
7	3	19	33.699	0.35259	0.77413
7	3	20	33.697	0.35261	0.86612
7	3	21	33.696	0.35262	0.96958
7	4	11	33.698	0.45193	0.045725
7	4	12	33.695	0.45197	0.13656
7	4	13	33.687	0.45196	0.22757
7	4	14	33.687	0.45199	0.31854
7	4	15	33.687	0.45199	0.40954
7	4	16	33.688	0.45201	0.50056
7	4	17	33.688	0.45204	0.59163
7	4	18	33.686	0.45206	0.68279
7	4	19	33.684	0.45206	0.77414
7	4	20	33.682	0.45206	0.86613
7	4	21	33.68	0.45207	0.96959
7	5	11	33.682	0.55159	0.04568
7	5	12	33.695	0.55157	0.13662
7	5	13	33.7	0.55167	0.22756
7	5	14	33.693	0.5517	0.31853
7	5	15	33.688	0.55169	0.40954
7	5	16	33.685	0.5517	0.50057
7	5	17	33.682	0.55171	0.59164
7	5	18	33.68	0.5517	0.6828
7	5	19	33.679	0.55171	0.77415
7	5	20	33.679	0.55172	0.86613
7	5	21	33.678	0.55172	0.96959
7	6	11	33.698	0.65129	0.045888
7	6	12	33.679	0.65151	0.13656
7	6	13	33.67	0.6515	0.22756
7	6	14	33.677	0.65145	0.31856
7	6	15	33.69	0.65148	0.40953
7	6	16	33.684	0.65148	0.50056
7	6	17	33.681	0.65148	0.59163
7	6	18	33.679	0.65148	0.68279
7	6	19	33.676	0.65147	0.77415
7	6	20	33.673	0.65147	0.86614
7	6	21	33.672	0.65147	0.96959
7	7	11	33.685	0.75128	0.045808
7	7	12	33.68	0.75128	0.13665
7	7	13	33.681	0.75126	0.22762
7	7	14	33.676	0.75125	0.31859
7	7	15	33.67	0.75128	0.40956
7	7	16	33.673	0.7513	0.50059
7	7	17	33.675	0.75136	0.59163
7	7	18	33.675	0.75135	0.68278
7	7	19	33.674	0.75132	0.77414
7	7	20	33.672	0.75129	0.86613
7	7	21	33.669	0.75129	0.96959
7	8	11	33.69	0.85118	0.045723
7	8	12	33.684	0.85118	0.13662
7	8	13	33.684	0.85118	0.22756
7	8	14	33.687	0.8512	0.31857
7	8	15	33.694	0.85123	0.40953
7	8	16	33.681	0.85116	0.50057
7	8	17	33.679	0.85115	0.59165
7	8	18	33.676	0.85111	0.68281
7	8	19	33.671	0.85113	0.77415
7	8	20	33.668	0.85119	0.86612
7	8	21	33.662	0.85125	0.96957
7	9	11	33.704	0.95034	0.04556
7	9	12	33.698	0.95021	0.13663
7	9	13	33.7	0.95019	0.22761
7	9	14	33.697	0.95026	0.31858
7	9	15	33.683	0.9503	0.4096
7	9	16	33.695	0.95023	0.50055
7	9	17	33.691	0.95023	0.59164
7	9	18	33.688	0.95023	0.68279
7	9	19	33.688	0.95023	0.77413
7	9	20	33.686	0.95021	0.86612
7	9	21	33.685	0.95014	0.96959
8	0	11	58.326	0.066689	0.04638
8	0	12	58.322	0.066603	0.13644
8	0	13	58.329	0.06669	0.22747
8	0	14	58.331	0.066708	0.31845
8	0	15	58.33	0.066723	0.40945
8	0	16	58.325	0.066734	0.50048
8	0	17	58.317	0.066745	0.59155
8	0	18	58.311	0.066758	0.68272
8	0	19	58.305	0.066773	0.77408
8	0	20	58.299	0.066788	0.86607
8	0	21	58.291	0.066805	0.96952
8	1	11	58.28	0.15554	0.045882
8	1	12	58.284	0.15559	0.13651
8	1	13	58.278	0.15561	0.22748
8	1	14	58.272	0.15563	0.31847
8	1	15	58.269	0.15566	0.40947
8	1	16	58.267	0.15569	0.5005
8	1	17	58.262	0.15572	0.59157
8	1	18	58.259	0.15574	0.68274
8	1	19	58.258	0.15577	0.7741
8	1	20	58.258	0.1558	0.86609
8	1	21	58.258	0.15582	0.96955
8	2	11	58.284	0.25338	0.04572
8	2	12	58.282	0.25342	0.13652
8	2	13	58.273	0.2534	0.22751
8	2	14	58.271	0.25342	0.31849
8	2	15	58.268	0.25345	0.40949
8	2	16	58.266	0.25347	0.50052
8	2	17	58.266	0.2535	0.5916
8	2	18	58.265	0.25351	0.68276
8	2	19	58.263	0.25352	0.77412
8	2	20	58.26	0.25353	0.8661
8	2	21	58.256	0.25355	0.96956
8	3	11	58.271	0.35247	0.045744
8	3	12	58.263	0.35244	0.13654
8	3	13	58.256	0.35241	0.22753
8	3	14	58.267	0.35249	0.31851
8	3	15	58.268	0.35253	0.40951
8	3	16	58.262	0.35254	0.50053
8	3	17	58.257	0.35254	0.59161
8	3	18	58.254	0.35255	0.68277
8	3	19	58.251	0.35255	0.77413
8	3	20	58.248	0.35256	0.86611
8	3	21	58.246	0.35257	0.96957
8	4	11	58.274	0.45193	0.045728
8	4	12	58.26	0.4519	0.13658
8	4	13	58.26	0.45191	0.22752
8	4	14	58.256	0.45203	0.3185
8	4	15	58.246	0.45202	0.40951
8	4	16	58.237	0.45198	0.50055
8	4	17	58.238	0.45199	0.59162
8	4	18	58.24	0.45202	0.68278
8	4	19	58.237	0.45203	0.77413
8	4	20	58.231	0.45203	0.86612
8	4	21	58.226	0.45203	0.96957
8	5	11	58.252	0.55166	0.045691
8	5	12	58.245	0.55162	0.13656
8	5	13	58.256	0.55164	0.22753
8	5	14	58.244	0.55162	0.31854
8	5	15	58.246	0.55165	0.40953
8	5	16	58.246	0.55163	0.50055
8	5	17	58.238	0.55169	0.59162
8	5	18	58.225	0.5517	0.68278
8	5	19	58.216	0.55167	0.77414
8	5	20	58.211	0.55166	0.86612
8	5	21	58.209	0.55167	0.96958
8	6	11	58.216	0.65133	0.045679
8	6	12	58.246	0.65146	0.13651
8	6	13	58.236	0.65149	0.22752
8	6	14	58.211	0.65142	0.31856
8	6	15	58.228	0.65144	0.40956
8	6	16	58.227	0.65143	0.50055
8	6	17	58.225	0.65143	0.59163
8	6	18	58.22	0.65142	0.68278
8	6	19	58.218	0.65142	0.77414
8	6	20	58.21	0.65144	0.86611
8	6	21	58.199	0.65144	0.96957
8	7	11	58.235	0.75121	0.045715
8	7	12	58.213	0.75128	0.13664
8	7	13	58.219	0.75125	0.22762
8	7	14	58.218	0.75108	0.31854
8	7	15	58.212	0.7512	0.40954
8	7	16	58.216	0.75127	0.50056
8	7	17	58.218	0.75133	0.59161
8	7	18	58.215	0.75132	0.68277
8	7	19	58.199	0.75128	0.77413
8	7	20	58.197	0.75127	0.86612
8	7	21	58.187	0.75123	0.96957
8	8	11	58.231	0.8512	0.045661
8	8	12	58.228	0.85118	0.13659
8	8	13	58.218	0.85117	0.22757
8	8	14	58.217	0.85115	0.31856
8	8	15	58.206	0.85117	0.40951
8	8	16	58.197	0.85115	0.50056
8	8	17	58.19	0.85112	0.59164
8	8	18	58.186	0.85107	0.68279
8	8	19	58.191	0.85106	0.77414
8	8	20	58.188	0.85108	0.86611
8	8	21	58.184	0.85113	0.96956
8	9	11	58.246	0.95019	0.045555
8	9	12	58.234	0.95003	0.13661
8	9	13	58.231	0.95004	0.22757
8	9	14	58.226	0.95007	0.31856
8	9	15	58.206	0.95007	0.40955
8	9	16	58.207	0.95007	0.50052
8	9	17	58.199	0.95008	0.59161
8	9	18	58.184	0.95007	0.68276
8	9	19	58.177	0.9501	0.77411
8	9	20	58.167	0.95008	0.8661
8	9	21	58.153	0.95	0.96955
9	0	11	100.58	0.066679	0.046015
9	0	12	100.58	0.066657	0.13646
9	0	13	100.59	0.06671	0.22746
9	0	14	100.59	0.066729	0.31844
9	0	15	100.59	0.066744	0.40945
9	0	16	100.59	0.066759	0.50048
9	0	17	100.58	0.066775	0.59155
9	0	18	100.58	0.06679	0.68272
9	0	19	100.58	0.066805	0.77408
9	0	20	100.57	0.066818	0.86607
9	0	21	100.57	0.066832	0.96952
9	1	11	100.55	0.15548	0.045686
9	1	12	100.58	0.15554	0.13651
9	1	13	100.58	0.15557	0.22747
9	1	14	100.57	0.15558	0.31846
9	1	15	100.57	0.15559	0.40947
9	1	16	100.56	0.1556	0.50049
9	1	17	100.56	0.15562	0.59157
9	1	18	100.55	0.15564	0.68273
9	1	19	100.55	0.15566	0.77409
9	1	20	100.54	0.15567	0.86608
9	1	21	100.54	0.15569	0.96954
9	2	11	100.55	0.2533	0.045743
9	2	12	100.54	0.25333	0.13652
9	2	13	100.53	0.25336	0.2275
9	2	14	100.53	0.25337	0.31848
9	2	15	100.53	0.25339	0.40948
9	2	16	100.52	0.25339	0.50051
9	2	17	100.51	0.2534	0.59158
9	2	18	100.51	0.25342	0.68275
9	2	19	100.5	0.25344	0.7741
9	2	20	100.5	0.25345	0.86609
9	2	21	100.49	0.25345	0.96955
9	3	11	100.5	0.35232	0.045617
9	3	12	100.55	0.35243	0.13652
9	3	13	100.54	0.35247	0.2275
9	3	14	100.51	0.35243	0.31849
9	3	15	100.5	0.35245	0.4095
9	3	16	100.49	0.35244	0.50052
9	3	17	100.48	0.35246	0.59159
9	3	18	100.46	0.35247	0.68275
9	3	19	100.45	0.35249	0.77411
9	3	20	100.44	0.35249	0.86609
9	3	21	100.43	0.35247	0.96955
9	4	11	100.51	0.45186	0.045733
9	4	12	100.49	0.452	0.13654
9	4	13	100.46	0.45189	0.22753
9	4	14	100.47	0.45183	0.31853
9	4	15	100.47	0.45193	0.40949
9	4	16	100.46	0.45195	0.5005
9	4	17	100.44	0.45196	0.5916
9	4	18	100.42	0.45192	0.68277
9	4	19	100.41	0.45194	0.77411
9	4	20	100.39	0.45193	0.8661
9	4	21	100.38	0.45192	0.96955
9	5	11	100.53	0.55162	0.045615
9	5	12	100.44	0.55159	0.13659
9	5	13	100.47	0.55149	0.22757
9	5	14	100.46	0.55167	0.31854
9	5	15	100.42	0.55163	0.4095
9	5	16	100.38	0.55156	0.50052
9	5	17	100.39	0.55157	0.59161
9	5	18	100.38	0.55159	0.68276
9	5	19	100.36	0.5516	0.7741
9	5	20	100.34	0.55159	0.86609
9	5	21	100.32	0.55157	0.96955
9	6	11	100.51	0.6512	0.045853
9	6	12	100.47	0.65137	0.13655
9	6	13	100.47	0.65147	0.22749
9	6	14	100.4	0.65143	0.31848
9	6	15	100.38	0.65136	0.4095
9	6	16	100.39	0.65132	0.50055
9	6	17	100.36	0.6514	0.59159
9	6	18	100.32	0.65138	0.68274
9	6	19	100.29	0.65132	0.7741
9	6	20	100.28	0.65135	0.86605
9	6	21	100.25	0.65132	0.96953
9	7	11	100.45	0.75114	0.045688
9	7	12	100.41	0.75116	0.1366
9	7	13	100.38	0.75116	0.22756
9	7	14	100.38	0.75112	0.31852
9	7	15	100.36	0.75114	0.40951
9	7	16	100.34	0.75122	0.50051
9	7	17	100.3	0.75126	0.59156
9	7	18	100.28	0.75118	0.68274
9	7	19	100.28	0.75115	0.77414
9	7	20	100.22	0.75127	0.86612
9	7	21	100.18	0.75115	0.96952
9	8	11	100.4	0.85106	0.045681
9	8	12	100.37	0.85106	0.13655
9	8	13	100.36	0.85103	0.2275
9	8	14	100.33	0.85102	0.31848
9	8	15	100.29	0.8511	0.40944
9	8	16	100.27	0.851	0.5005
9	8	17	100.25	0.85096	0.5916
9	8	18	100.22	0.85091	0.68272
9	8	19	100.18	0.85096	0.77408
9	8	20	100.16	0.85096	0.86606
9	8	21	100.14	0.85096	0.96951
9	9	11	100.38	0.95018	0.045523
9	9	12	100.36	0.95003	0.13657
9	9	13	100.33	0.95004	0.22751
9	9	14	100.29	0.95	0.31849
9	9	15	100.31	0.95014	0.40954
9	9	16	100.25	0.95005	0.5005
9	9	17	100.22	0.95004	0.59156
9	9	18	100.19	0.95004	0.68272
9	9	19	100.15	0.95004	0.77407
9	9	20	100.11	0.95002	0.86604
9	9	21	100.05	0.94995	0.96949
