Using n(z) from file
0 -nan
35.0419 35404.6
69.9031 101013
104.582 175003
139.078 249655
173.388 321655
207.514 389578
241.452 452876
275.203 511468
308.764 565498
342.137 615208
375.319 660885
408.31 702828
441.11 741335
473.717 776681
506.132 809126
538.353 838896
570.381 866211
602.216 891266
633.857 914238
665.303 935290
696.555 954572
727.613 972215
758.477 988350
789.147 1.00308e+06
819.622 1.01651e+06
849.904 1.02875e+06
879.991 1.03987e+06
909.886 1.04995e+06
939.587 1.05908e+06
969.096 1.06732e+06
998.412 1.07473e+06
1027.54 1.08138e+06
1056.47 1.08731e+06
1085.21 1.0926e+06
1113.76 1.09726e+06
1142.13 1.10137e+06
1170.3 1.10495e+06
1198.29 1.10804e+06
1226.08 1.11068e+06
1253.7 1.11291e+06
1281.12 1.11475e+06
1308.36 1.11623e+06
1335.42 1.11739e+06
1362.29 1.11824e+06
1388.98 1.11881e+06
1415.49 1.11878e+06
1441.81 1.11884e+06
1467.96 1.11869e+06
1493.93 1.11833e+06
1519.72 1.11778e+06
1545.34 1.11707e+06
1570.78 1.1162e+06
1596.04 1.11519e+06
1621.13 1.11404e+06
1646.05 1.11278e+06
1670.8 1.11141e+06
1695.37 1.10994e+06
1719.78 1.10838e+06
1744.02 1.10674e+06
1768.09 1.10502e+06
1792 1.10323e+06
1815.74 1.10139e+06
1839.32 1.09949e+06
1862.74 1.09754e+06
1885.99 1.09555e+06
1909.09 1.09352e+06
1932.03 1.09146e+06
1954.81 1.08937e+06
1977.43 1.08725e+06
1999.9 1.08511e+06
2022.22 1.08288e+06
2044.38 1.08061e+06
2066.39 1.0784e+06
2088.25 1.07619e+06
2109.96 1.07398e+06
2131.52 1.07176e+06
2152.94 1.06953e+06
2174.21 1.06731e+06
2195.34 1.06508e+06
2216.32 1.06286e+06
2237.16 1.06063e+06
2257.86 1.05842e+06
2278.42 1.0562e+06
2298.84 1.05399e+06
2319.13 1.05179e+06
2339.28 1.04959e+06
2359.29 1.04739e+06
2379.17 1.04522e+06
2398.92 1.04305e+06
2418.53 1.04089e+06
2438.02 1.03874e+06
2457.37 1.0366e+06
2476.6 1.03448e+06
2495.7 1.03237e+06
2514.67 1.03027e+06
2533.52 1.02818e+06
2552.25 1.02611e+06
2570.85 1.02404e+06
2589.33 1.022e+06
2607.69 1.01996e+06
2625.93 1.01795e+06
2644.05 1.01594e+06
2662.05 1.01395e+06
2679.94 1.01198e+06
2697.71 1.01002e+06
2715.37 1.00807e+06
2732.92 1.00614e+06
2750.35 1.00422e+06
2767.67 1.00232e+06
2784.88 1.00043e+06
2801.98 998555
2818.97 996695
2835.86 994850
2852.63 993020
2869.31 991204
2885.87 989402
2902.34 987614
2918.7 985841
2934.96 984082
2951.12 982337
2967.18 980606
2983.13 978888
2998.99 977185
3014.76 975495
3030.42 973819
3045.99 972157
3061.47 970508
3076.85 968872
3092.14 967249
3107.34 965639
3122.44 964043
3137.45 962459
3152.38 960889
3167.21 959330
3181.96 957784
3196.62 956251
3211.19 954730
3225.67 953222
3240.07 951725
3254.39 950249
3268.62 948776
3282.77 947315
3296.83 945866
3310.82 944429
3324.72 943003
3338.54 941588
3352.29 940184
3365.95 938792
3379.54 937410
3393.05 936040
3406.48 934680
3419.83 933331
3433.11 932004
3446.32 930676
3459.45 929347
3472.5 928040
3485.49 926742
3498.4 925455
3511.24 924178
3524.01 922910
3536.7 921653
3549.33 920405
3561.89 919168
3574.38 917939
3586.8 916724
3599.16 915513
3611.44 914312
3623.66 913120
3635.82 911937
3647.9 910762
3659.93 909597
3671.89 908440
3683.78 907291
3695.61 906152
3707.38 905020
3719.09 903897
3730.74 902783
3742.32 901676
3753.84 900578
3765.31 899487
3776.71 898405
3788.05 897330
3799.34 896263
3810.56 895204
3821.73 894152
3832.84 893108
3843.9 892072
3854.9 891043
3865.84 890021
3876.72 889006
3887.56 887999
3898.33 886998
3909.05 886005
3919.72 885019
3930.34 884039
3940.9 883067
3951.41 882101
3961.87 881142
3972.27 880189
3982.63 879243
3992.93 878303
4003.18 877370
4013.38 876443
4023.54 875522
4033.64 874608
4043.69 873700
4053.7 872798
4063.66 871902
4073.56 871012
4083.43 870128
4093.24 869249
4103.01 868377
4112.73 867510
4122.4 866648
4132.03 865793
4141.62 864943
4151.16 864099
4160.65 863260
4170.1 862427
4179.51 861599
4188.87 860777
4198.19 859960
4207.46 859148
4216.69 858336
4225.88 857534
4235.03 856733
4244.14 855942
4253.2 855205
4262.22 854424
4271.21 853698
4280.15 852926
4289.05 852159
4297.91 851397
4306.73 850640
4315.51 849887
4324.25 849139
4332.96 848396
4341.62 847657
4350.25 846923
4358.84 846193
4367.39 845467
4375.9 844746
4384.38 844030
4392.81 843317
4401.22 842609
4409.58 841905
4417.91 841205
4426.2 840510
4434.46 839818
4442.68 839131
4450.87 838447
4459.02 837768
4467.14 837093
4475.22 836421
4483.27 835754
0.00116355 0.00116355 0.00116355 0.00116355 0.00116355 0.00116355
